/*--------------------------------*- C++ -*----------------------------------*\
| =========                 |                                                 |
| \\      /  F ield         | OpenFOAM: The Open Source CFD Toolbox           |
|  \\    /   O peration     | Version:  2012                                  |
|   \\  /    A nd           | Website:  www.openfoam.com                      |
|    \\/     M anipulation  |                                                 |
\*---------------------------------------------------------------------------*/
FoamFile
{
    version     2.0;
    format      ascii;
    class       labelList;
    note        "nPoints:20702  nCells:10110  nFaces:40680  nInternalFaces:20070";
    location    "constant/polyMesh";
    object      neighbour;
}
// * * * * * * * * * * * * * * * * * * * * * * * * * * * * * * * * * * * * * //


20070
(
1
41
2
42
3
43
4
44
5
45
6
46
7
47
8
48
9
49
10
50
11
51
12
52
13
53
14
54
15
55
16
56
17
57
18
58
19
59
20
60
21
61
22
62
23
63
24
64
25
65
26
66
27
67
28
68
29
69
30
70
31
71
32
72
33
73
34
74
35
75
36
76
37
77
38
78
39
79
40
80
81
42
82
43
83
44
84
45
85
46
86
47
87
48
88
49
89
50
90
51
91
52
92
53
93
54
94
55
95
56
96
57
97
58
98
59
99
60
100
61
101
62
102
63
103
64
104
65
105
66
106
67
107
68
108
69
109
70
110
71
111
72
112
73
113
74
114
75
115
76
116
77
117
78
118
79
119
80
120
81
121
122
83
123
84
124
85
125
86
126
87
127
88
128
89
129
90
130
91
131
92
132
93
133
94
134
95
135
96
136
97
137
98
138
99
139
100
140
101
141
102
142
103
143
104
144
105
145
106
146
107
147
108
148
109
149
110
150
111
151
112
152
113
153
114
154
115
155
116
156
117
157
118
158
119
159
120
160
121
161
122
162
163
124
164
125
165
126
166
127
167
128
168
129
169
130
170
131
171
132
172
133
173
134
174
135
175
136
176
137
177
138
178
139
179
140
180
141
181
142
182
143
183
144
184
145
185
146
186
147
187
148
188
149
189
150
190
151
191
152
192
153
193
154
194
155
195
156
196
157
197
158
198
159
199
160
200
161
201
162
202
163
203
204
165
205
166
206
167
207
168
208
169
209
170
210
171
211
172
212
173
213
174
214
175
215
176
216
177
217
178
218
179
219
180
220
181
221
182
222
183
223
184
224
185
225
186
226
187
227
188
228
189
229
190
230
191
231
192
232
193
233
194
234
195
235
196
236
197
237
198
238
199
239
200
240
201
241
202
242
203
243
204
244
245
206
247
207
248
208
249
209
250
210
251
211
252
212
253
213
254
214
255
215
256
216
257
217
258
218
259
219
260
220
261
221
262
222
263
223
264
224
265
225
266
226
267
227
268
228
269
229
270
230
271
231
272
232
273
233
274
234
275
235
276
236
277
237
278
238
279
239
280
240
281
241
282
242
283
243
284
244
285
245
286
287
247
288
248
289
249
290
250
291
251
292
252
293
253
294
254
295
255
296
256
297
257
298
258
299
259
300
260
301
261
302
262
303
263
304
264
305
265
306
266
307
267
308
268
309
269
310
270
311
271
312
272
313
273
314
274
315
275
316
276
317
277
318
278
319
279
320
280
321
281
322
282
323
283
324
284
325
285
326
286
327
287
328
329
289
330
290
331
291
332
292
333
293
334
294
335
295
336
296
337
297
338
298
339
299
340
300
341
301
342
302
343
303
344
304
345
305
346
306
347
307
348
308
349
309
350
310
351
311
352
312
353
313
354
314
355
315
356
316
357
317
358
318
359
319
360
320
361
321
362
322
363
323
364
324
365
325
366
326
367
327
368
328
369
329
370
371
331
372
332
373
333
374
334
375
335
376
336
377
337
378
338
379
339
380
340
381
341
382
342
383
343
384
344
385
345
386
346
387
347
388
348
389
349
390
350
391
351
392
352
393
353
394
354
395
355
396
356
397
357
398
358
399
359
400
360
401
361
402
362
403
363
404
364
405
365
406
366
407
367
408
368
409
369
410
370
411
371
412
413
373
414
374
415
375
416
376
417
377
418
378
419
379
420
380
421
381
422
382
423
383
424
384
425
385
426
386
427
387
428
388
429
389
430
390
431
391
432
392
433
393
434
394
435
395
436
396
437
397
438
398
439
399
440
400
441
401
442
402
443
403
444
404
445
405
446
406
447
407
448
408
449
409
450
410
451
411
452
412
453
413
454
455
415
456
416
457
417
458
418
459
419
460
420
461
421
462
422
463
423
464
424
465
425
466
426
467
427
468
428
469
429
470
430
471
431
472
432
473
433
474
434
475
435
476
436
477
437
478
438
479
439
480
440
481
441
482
442
483
443
484
444
485
445
486
446
487
447
488
448
489
449
490
450
491
451
492
452
493
453
494
454
495
455
496
497
457
498
458
499
459
500
460
501
461
502
462
503
463
504
464
505
465
506
466
507
467
508
468
509
469
510
470
511
471
512
472
513
473
514
474
515
475
516
476
517
477
518
478
519
479
520
480
521
481
522
482
523
483
524
484
525
485
526
486
527
487
528
488
529
489
530
490
531
491
532
492
533
493
534
494
535
495
536
496
537
497
538
539
499
540
500
541
501
542
502
543
503
544
504
545
505
546
506
547
507
548
508
549
509
550
510
551
511
552
512
553
513
554
514
555
515
556
516
557
517
558
518
559
519
560
520
561
521
562
522
563
523
564
524
565
525
566
526
567
527
568
528
569
529
570
530
571
531
572
532
573
533
574
534
575
535
576
536
577
537
578
538
579
539
580
581
541
582
542
583
543
584
544
585
545
586
546
587
547
588
548
589
549
590
550
591
551
592
552
593
553
594
554
595
555
596
556
597
557
598
558
599
559
600
560
601
561
602
562
603
563
604
564
605
565
606
566
607
567
608
568
609
569
610
570
611
571
612
572
613
573
614
574
615
575
616
576
617
577
618
578
619
579
620
580
621
581
622
623
583
624
584
625
585
626
586
627
587
628
588
629
589
630
590
631
591
632
592
633
593
634
594
635
595
636
596
637
597
638
598
639
599
640
600
641
601
642
602
643
603
644
604
645
605
646
606
647
607
648
608
649
609
650
610
651
611
652
612
653
613
654
614
655
615
656
616
657
617
658
618
659
619
660
620
661
621
662
622
663
623
664
665
625
666
626
667
627
668
628
669
629
670
630
671
631
672
632
673
633
674
634
675
635
676
636
677
637
678
638
679
639
680
640
681
641
682
642
683
643
684
644
685
645
686
646
687
647
688
648
689
649
690
650
691
651
692
652
693
653
694
654
695
655
696
656
697
657
698
658
699
659
700
660
701
661
702
662
703
663
704
664
705
665
706
707
667
708
668
709
669
710
670
711
671
712
672
713
673
714
674
715
675
716
676
717
677
718
678
719
679
720
680
721
681
722
682
723
683
724
684
725
685
726
686
727
687
728
688
729
689
730
690
731
691
732
692
733
693
734
694
735
695
736
696
737
697
738
698
739
699
740
700
741
701
742
702
743
703
744
704
745
705
746
706
747
707
748
749
709
750
710
751
711
752
712
753
713
754
714
755
715
756
716
757
717
758
718
759
719
760
720
761
721
762
722
763
723
764
724
765
725
766
726
767
727
768
728
769
729
770
730
771
731
772
732
773
733
774
734
775
735
776
736
777
737
778
738
779
739
780
740
781
741
782
742
783
743
784
744
785
745
786
746
787
747
788
748
789
749
790
791
751
792
752
793
753
794
754
795
755
796
756
797
757
798
758
799
759
800
760
801
761
802
762
803
763
804
764
805
765
806
766
807
767
808
768
809
769
810
770
811
771
812
772
813
773
814
774
815
775
816
776
817
777
818
778
819
779
820
780
821
781
822
782
823
783
824
784
825
785
826
786
827
787
828
788
829
789
830
790
831
791
832
833
793
834
794
835
795
836
796
837
797
838
798
839
799
840
800
841
801
842
802
843
803
844
804
845
805
846
806
847
807
848
808
849
809
850
810
851
811
852
812
853
813
854
814
855
815
856
816
857
817
858
818
859
819
860
820
861
821
862
822
863
823
864
824
865
825
866
826
867
827
868
828
869
829
870
830
871
831
872
832
873
833
874
875
835
877
836
878
837
879
838
880
839
881
840
882
841
883
842
884
843
885
844
886
845
887
846
888
847
889
848
890
849
891
850
892
851
893
852
894
853
895
854
896
855
897
856
898
857
899
858
900
859
901
860
902
861
903
862
904
863
905
864
906
865
907
866
908
867
909
868
910
869
911
870
912
871
913
872
914
873
915
874
916
875
917
918
877
919
878
920
879
921
880
922
881
923
882
924
883
925
884
926
885
927
886
928
887
929
888
930
889
931
890
932
891
933
892
934
893
935
894
936
895
937
896
938
897
939
898
940
899
941
900
942
901
943
902
944
903
945
904
946
905
947
906
948
907
949
908
950
909
951
910
952
911
953
912
954
913
955
914
956
915
957
916
958
917
959
918
960
961
920
962
921
963
922
964
923
965
924
966
925
967
926
968
927
969
928
970
929
971
930
972
931
973
932
974
933
975
934
976
935
977
936
978
937
979
938
980
939
981
940
982
941
983
942
984
943
985
944
986
945
987
946
988
947
989
948
990
949
991
950
992
951
993
952
994
953
995
954
996
955
997
956
998
957
999
958
1000
959
1001
960
1002
961
1003
1004
963
1005
964
1006
965
1007
966
1008
967
1009
968
1010
969
1011
970
1012
971
1013
972
1014
973
1015
974
1016
975
1017
976
1018
977
1019
978
1020
979
1021
980
1022
981
1023
982
1024
983
1025
984
1026
985
1027
986
1028
987
1029
988
1030
989
1031
990
1032
991
1033
992
1034
993
1035
994
1036
995
1037
996
1038
997
1039
998
1040
999
1041
1000
1042
1001
1043
1002
1044
1003
1045
1004
1046
1047
1006
1048
1007
1049
1008
1050
1009
1051
1010
1052
1011
1053
1012
1054
1013
1055
1014
1056
1015
1057
1016
1058
1017
1059
1018
1060
1019
1061
1020
1062
1021
1063
1022
1064
1023
1065
1024
1066
1025
1067
1026
1068
1027
1069
1028
1070
1029
1071
1030
1072
1031
1073
1032
1074
1033
1075
1034
1076
1035
1077
1036
1078
1037
1079
1038
1080
1039
1081
1040
1082
1041
1083
1042
1084
1043
1085
1044
1086
1045
1087
1046
1088
1047
1089
1090
1049
1091
1050
1092
1051
1093
1052
1094
1053
1095
1054
1096
1055
1097
1056
1098
1057
1099
1058
1100
1059
1101
1060
1102
1061
1103
1062
1104
1063
1105
1064
1106
1065
1107
1066
1108
1067
1109
1068
1110
1069
1111
1070
1112
1071
1113
1072
1114
1073
1115
1074
1116
1075
1117
1076
1118
1077
1119
1078
1120
1079
1121
1080
1122
1081
1123
1082
1124
1083
1125
1084
1126
1085
1127
1086
1128
1087
1129
1088
1130
1089
1131
1090
1132
1133
1092
1135
1093
1136
1094
1137
1095
1138
1096
1139
1097
1140
1098
1141
1099
1142
1100
1143
1101
1144
1102
1145
1103
1146
1104
1147
1105
1148
1106
1149
1107
1150
1108
1151
1109
1152
1110
1153
1111
1154
1112
1155
1113
1156
1114
1157
1115
1158
1116
1159
1117
1160
1118
1161
1119
1162
1120
1163
1121
1164
1122
1165
1123
1166
1124
1167
1125
1168
1126
1169
1127
1170
1128
1171
1129
1172
1130
1173
1131
1174
1132
1175
1133
1176
1177
1135
1181
1136
1182
1137
1183
1138
1184
1139
1185
1140
1186
1141
1187
1142
1188
1143
1189
1144
1190
1145
1191
1146
1192
1147
1193
1148
1194
1149
1195
1150
1196
1151
1197
1152
1198
1153
1199
1154
1200
1155
1201
1156
1202
1157
1203
1158
1204
1159
1205
1160
1206
1161
1207
1162
1208
1163
1209
1164
1210
1165
1211
1166
1212
1167
1213
1168
1214
1169
1215
1170
1216
1171
1217
1172
1218
1173
1219
1174
1220
1175
1221
1176
1222
1177
1223
1224
1179
7945
8215
1180
7948
8216
1181
7951
8217
1182
7954
8218
1183
7957
8219
1184
7960
8220
1185
7963
8221
1186
7966
8222
1187
7969
8223
1188
7972
8224
1189
7975
8225
1190
7978
8226
1191
7981
8227
1192
7984
8228
1193
7987
8229
1194
7990
8230
1195
7993
8231
1196
7996
8232
1197
7999
8233
1198
8002
8234
1199
8005
8235
1200
8008
8236
1201
8011
8237
1202
8014
8238
1203
8017
8239
1204
8020
8240
1205
8023
8241
1206
8026
8242
1207
8029
8243
1208
8032
8244
1209
8035
8245
1210
8038
8246
1211
8041
8247
1212
8044
8248
1213
8047
8249
1214
8050
8250
1215
8053
8251
1216
8056
8252
1217
8059
8253
1218
8062
8254
1219
8065
8255
1220
8068
8256
1221
8071
8257
1222
8074
8258
1223
8077
8259
1224
8080
8260
8083
8261
1226
1268
8087
8088
1227
1269
8090
8091
1228
1270
8093
8094
1229
1271
8096
8097
1230
1272
8099
8100
1231
1273
8102
8103
1232
1274
8105
8106
1233
1275
8108
8109
1234
1276
8111
8112
1235
1277
8114
8115
1236
1278
8117
8118
1237
1279
8120
8121
1238
1280
8123
8124
1239
1281
8126
8127
1240
1282
8129
8130
1241
1283
8132
8133
1242
1284
8135
8136
1243
1285
8138
8139
1244
1286
8141
8142
1245
1287
8144
8145
1246
1288
8147
8148
1247
1289
8150
8151
1248
1290
8153
8154
1249
1291
8156
8157
1250
1292
8159
8160
1251
1293
8162
8163
1252
1294
8165
8166
1253
1295
8168
8169
1254
1296
8171
8172
1255
1297
8174
8175
1256
1298
8177
8178
1257
1299
8180
8181
1258
1300
8183
8184
1259
1301
8186
8187
1260
1302
8189
8190
1261
1303
8192
8193
1262
1304
8195
8196
1263
1305
8198
8199
1264
1306
8201
8202
1265
1307
8204
8205
1266
1308
8207
8208
1267
1309
8210
8211
1310
8213
8214
1269
1311
1270
1312
1271
1313
1272
1314
1273
1315
1274
1316
1275
1317
1276
1318
1277
1319
1278
1320
1279
1321
1280
1322
1281
1323
1282
1324
1283
1325
1284
1326
1285
1327
1286
1328
1287
1329
1288
1330
1289
1331
1290
1332
1291
1333
1292
1334
1293
1335
1294
1336
1295
1337
1296
1338
1297
1339
1298
1340
1299
1341
1300
1342
1301
1343
1302
1344
1303
1345
1304
1346
1305
1347
1306
1348
1307
1349
1308
1350
1309
1351
1310
1352
1353
1312
1354
1313
1355
1314
1356
1315
1357
1316
1358
1317
1359
1318
1360
1319
1361
1320
1362
1321
1363
1322
1364
1323
1365
1324
1366
1325
1367
1326
1368
1327
1369
1328
1370
1329
1371
1330
1372
1331
1373
1332
1374
1333
1375
1334
1376
1335
1377
1336
1378
1337
1379
1338
1380
1339
1381
1340
1382
1341
1383
1342
1384
1343
1385
1344
1386
1345
1387
1346
1388
1347
1389
1348
1390
1349
1391
1350
1392
1351
1393
1352
1394
1353
1395
1396
1355
1397
1356
1398
1357
1399
1358
1400
1359
1401
1360
1402
1361
1403
1362
1404
1363
1405
1364
1406
1365
1407
1366
1408
1367
1409
1368
1410
1369
1411
1370
1412
1371
1413
1372
1414
1373
1415
1374
1416
1375
1417
1376
1418
1377
1419
1378
1420
1379
1421
1380
1422
1381
1423
1382
1424
1383
1425
1384
1426
1385
1427
1386
1428
1387
1429
1388
1430
1389
1431
1390
1432
1391
1433
1392
1434
1393
1435
1394
1436
1395
1437
1396
1438
1439
1398
1440
1399
1441
1400
1442
1401
1443
1402
1444
1403
1445
1404
1446
1405
1447
1406
1448
1407
1449
1408
1450
1409
1451
1410
1452
1411
1453
1412
1454
1413
1455
1414
1456
1415
1457
1416
1458
1417
1459
1418
1460
1419
1461
1420
1462
1421
1463
1422
1464
1423
1465
1424
1466
1425
1467
1426
1468
1427
1469
1428
1470
1429
1471
1430
1472
1431
1473
1432
1474
1433
1475
1434
1476
1435
1477
1436
1478
1437
1479
1438
1480
1439
1481
1482
1441
1483
1442
1484
1443
1485
1444
1486
1445
1487
1446
1488
1447
1489
1448
1490
1449
1491
1450
1492
1451
1493
1452
1494
1453
1495
1454
1496
1455
1497
1456
1498
1457
1499
1458
1500
1459
1501
1460
1502
1461
1503
1462
1504
1463
1505
1464
1506
1465
1507
1466
1508
1467
1509
1468
1510
1469
1511
1470
1512
1471
1513
1472
1514
1473
1515
1474
1516
1475
1517
1476
1518
1477
1519
1478
1520
1479
1521
1480
1522
1481
1523
1482
1524
1525
1484
1526
1485
1527
1486
1528
1487
1529
1488
1530
1489
1531
1490
1532
1491
1533
1492
1534
1493
1535
1494
1536
1495
1537
1496
1538
1497
1539
1498
1540
1499
1541
1500
1542
1501
1543
1502
1544
1503
1545
1504
1546
1505
1547
1506
1548
1507
1549
1508
1550
1509
1551
1510
1552
1511
1553
1512
1554
1513
1555
1514
1556
1515
1557
1516
1558
1517
1559
1518
1560
1519
1561
1520
1562
1521
1563
1522
1564
1523
1565
1524
1566
1525
1567
1568
1527
1569
1528
1570
1529
1571
1530
1572
1531
1573
1532
1574
1533
1575
1534
1576
1535
1577
1536
1578
1537
1579
1538
1580
1539
1581
1540
1582
1541
1583
1542
1584
1543
1585
1544
1586
1545
1587
1546
1588
1547
1589
1548
1590
1549
1591
1550
1592
1551
1593
1552
1594
1553
1595
1554
1596
1555
1597
1556
1598
1557
1599
1558
1600
1559
1601
1560
1602
1561
1603
1562
1604
1563
1605
1564
1606
1565
1607
1566
1608
1567
1609
1568
1610
1611
1570
1612
1571
1613
1572
1614
1573
1615
1574
1616
1575
1617
1576
1618
1577
1619
1578
1620
1579
1621
1580
1622
1581
1623
1582
1624
1583
1625
1584
1626
1585
1627
1586
1628
1587
1629
1588
1630
1589
1631
1590
1632
1591
1633
1592
1634
1593
1635
1594
1636
1595
1637
1596
1638
1597
1639
1598
1640
1599
1641
1600
1642
1601
1643
1602
1644
1603
1645
1604
1646
1605
1647
1606
1648
1607
1649
1608
1650
1609
1651
1610
1652
1611
1653
1654
1613
1655
1614
1656
1615
1657
1616
1658
1617
1659
1618
1660
1619
1661
1620
1662
1621
1663
1622
1664
1623
1665
1624
1666
1625
1667
1626
1668
1627
1669
1628
1670
1629
1671
1630
1672
1631
1673
1632
1674
1633
1675
1634
1676
1635
1677
1636
1678
1637
1679
1638
1680
1639
1681
1640
1682
1641
1683
1642
1684
1643
1685
1644
1686
1645
1687
1646
1688
1647
1689
1648
1690
1649
1691
1650
1692
1651
1693
1652
1694
1653
1695
1654
1696
1697
1656
1698
1657
1699
1658
1700
1659
1701
1660
1702
1661
1703
1662
1704
1663
1705
1664
1706
1665
1707
1666
1708
1667
1709
1668
1710
1669
1711
1670
1712
1671
1713
1672
1714
1673
1715
1674
1716
1675
1717
1676
1718
1677
1719
1678
1720
1679
1721
1680
1722
1681
1723
1682
1724
1683
1725
1684
1726
1685
1727
1686
1728
1687
1729
1688
1730
1689
1731
1690
1732
1691
1733
1692
1734
1693
1735
1694
1736
1695
1737
1696
1738
1697
1739
1740
1699
1741
1700
1742
1701
1743
1702
1744
1703
1745
1704
1746
1705
1747
1706
1748
1707
1749
1708
1750
1709
1751
1710
1752
1711
1753
1712
1754
1713
1755
1714
1756
1715
1757
1716
1758
1717
1759
1718
1760
1719
1761
1720
1762
1721
1763
1722
1764
1723
1765
1724
1766
1725
1767
1726
1768
1727
1769
1728
1770
1729
1771
1730
1772
1731
1773
1732
1774
1733
1775
1734
1776
1735
1777
1736
1778
1737
1779
1738
1780
1739
1781
1740
1782
1783
1742
1784
1743
1785
1744
1786
1745
1787
1746
1788
1747
1789
1748
1790
1749
1791
1750
1792
1751
1793
1752
1794
1753
1795
1754
1796
1755
1797
1756
1798
1757
1799
1758
1800
1759
1801
1760
1802
1761
1803
1762
1804
1763
1805
1764
1806
1765
1807
1766
1808
1767
1809
1768
1810
1769
1811
1770
1812
1771
1813
1772
1814
1773
1815
1774
1816
1775
1817
1776
1818
1777
1819
1778
1820
1779
1821
1780
1822
1781
1823
1782
1824
1783
1825
1826
1785
1828
1786
1829
1787
1830
1788
1831
1789
1832
1790
1833
1791
1834
1792
1835
1793
1836
1794
1837
1795
1838
1796
1839
1797
1840
1798
1841
1799
1842
1800
1843
1801
1844
1802
1845
1803
1846
1804
1847
1805
1848
1806
1849
1807
1850
1808
1851
1809
1852
1810
1853
1811
1854
1812
1855
1813
1856
1814
1857
1815
1858
1816
1859
1817
1860
1818
1861
1819
1862
1820
1863
1821
1864
1822
1865
1823
1866
1824
1867
1825
1868
1826
1869
1870
1828
1871
1829
1872
1830
1873
1831
1874
1832
1875
1833
1876
1834
1877
1835
1878
1836
1879
1837
1880
1838
1881
1839
1882
1840
1883
1841
1884
1842
1885
1843
1886
1844
1887
1845
1888
1846
1889
1847
1890
1848
1891
1849
1892
1850
1893
1851
1894
1852
1895
1853
1896
1854
1897
1855
1898
1856
1899
1857
1900
1858
1901
1859
1902
1860
1903
1861
1904
1862
1905
1863
1906
1864
1907
1865
1908
1866
1909
1867
1910
1868
1911
1869
1912
1870
1913
1914
1872
1915
1873
1916
1874
1917
1875
1918
1876
1919
1877
1920
1878
1921
1879
1922
1880
1923
1881
1924
1882
1925
1883
1926
1884
1927
1885
1928
1886
1929
1887
1930
1888
1931
1889
1932
1890
1933
1891
1934
1892
1935
1893
1936
1894
1937
1895
1938
1896
1939
1897
1940
1898
1941
1899
1942
1900
1943
1901
1944
1902
1945
1903
1946
1904
1947
1905
1948
1906
1949
1907
1950
1908
1951
1909
1952
1910
1953
1911
1954
1912
1955
1913
1956
1914
1957
1958
1916
1959
1917
1960
1918
1961
1919
1962
1920
1963
1921
1964
1922
1965
1923
1966
1924
1967
1925
1968
1926
1969
1927
1970
1928
1971
1929
1972
1930
1973
1931
1974
1932
1975
1933
1976
1934
1977
1935
1978
1936
1979
1937
1980
1938
1981
1939
1982
1940
1983
1941
1984
1942
1985
1943
1986
1944
1987
1945
1988
1946
1989
1947
1990
1948
1991
1949
1992
1950
1993
1951
1994
1952
1995
1953
1996
1954
1997
1955
1998
1956
1999
1957
2000
1958
2001
2002
1960
2003
1961
2004
1962
2005
1963
2006
1964
2007
1965
2008
1966
2009
1967
2010
1968
2011
1969
2012
1970
2013
1971
2014
1972
2015
1973
2016
1974
2017
1975
2018
1976
2019
1977
2020
1978
2021
1979
2022
1980
2023
1981
2024
1982
2025
1983
2026
1984
2027
1985
2028
1986
2029
1987
2030
1988
2031
1989
2032
1990
2033
1991
2034
1992
2035
1993
2036
1994
2037
1995
2038
1996
2039
1997
2040
1998
2041
1999
2042
2000
2043
2001
2044
2002
2045
2046
2004
2047
2005
2048
2006
2049
2007
2050
2008
2051
2009
2052
2010
2053
2011
2054
2012
2055
2013
2056
2014
2057
2015
2058
2016
2059
2017
2060
2018
2061
2019
2062
2020
2063
2021
2064
2022
2065
2023
2066
2024
2067
2025
2068
2026
2069
2027
2070
2028
2071
2029
2072
2030
2073
2031
2074
2032
2075
2033
2076
2034
2077
2035
2078
2036
2079
2037
2080
2038
2081
2039
2082
2040
2083
2041
2084
2042
2085
2043
2086
2044
2087
2045
2088
2046
2089
2090
2048
2091
2049
2092
2050
2093
2051
2094
2052
2095
2053
2096
2054
2097
2055
2098
2056
2099
2057
2100
2058
2101
2059
2102
2060
2103
2061
2104
2062
2105
2063
2106
2064
2107
2065
2108
2066
2109
2067
2110
2068
2111
2069
2112
2070
2113
2071
2114
2072
2115
2073
2116
2074
2117
2075
2118
2076
2119
2077
2120
2078
2121
2079
2122
2080
2123
2081
2124
2082
2125
2083
2126
2084
2127
2085
2128
2086
2129
2087
2130
2088
2131
2089
2132
2090
2133
2134
2092
2135
2093
2136
2094
2137
2095
2138
2096
2139
2097
2140
2098
2141
2099
2142
2100
2143
2101
2144
2102
2145
2103
2146
2104
2147
2105
2148
2106
2149
2107
2150
2108
2151
2109
2152
2110
2153
2111
2154
2112
2155
2113
2156
2114
2157
2115
2158
2116
2159
2117
2160
2118
2161
2119
2162
2120
2163
2121
2164
2122
2165
2123
2166
2124
2167
2125
2168
2126
2169
2127
2170
2128
2171
2129
2172
2130
2173
2131
2174
2132
2175
2133
2176
2134
2177
2178
2136
2179
2137
2180
2138
2181
2139
2182
2140
2183
2141
2184
2142
2185
2143
2186
2144
2187
2145
2188
2146
2189
2147
2190
2148
2191
2149
2192
2150
2193
2151
2194
2152
2195
2153
2196
2154
2197
2155
2198
2156
2199
2157
2200
2158
2201
2159
2202
2160
2203
2161
2204
2162
2205
2163
2206
2164
2207
2165
2208
2166
2209
2167
2210
2168
2211
2169
2212
2170
2213
2171
2214
2172
2215
2173
2216
2174
2217
2175
2218
2176
2219
2177
2220
2178
2221
2222
2180
2224
2181
2225
2182
2226
2183
2227
2184
2228
2185
2229
2186
2230
2187
2231
2188
2232
2189
2233
2190
2234
2191
2235
2192
2236
2193
2237
2194
2238
2195
2239
2196
2240
2197
2241
2198
2242
2199
2243
2200
2244
2201
2245
2202
2246
2203
2247
2204
2248
2205
2249
2206
2250
2207
2251
2208
2252
2209
2253
2210
2254
2211
2255
2212
2256
2213
2257
2214
2258
2215
2259
2216
2260
2217
2261
2218
2262
2219
2263
2220
2264
2221
2265
2222
2266
2267
2224
2269
2225
2270
2226
2271
2227
2272
2228
2273
2229
2274
2230
2275
2231
2276
2232
2277
2233
2278
2234
2279
2235
2280
2236
2281
2237
2282
2238
2283
2239
2284
2240
2285
2241
2286
2242
2287
2243
2288
2244
2289
2245
2290
2246
2291
2247
2292
2248
2293
2249
2294
2250
2295
2251
2296
2252
2297
2253
2298
2254
2299
2255
2300
2256
2301
2257
2302
2258
2303
2259
2304
2260
2305
2261
2306
2262
2307
2263
2308
2264
2309
2265
2310
2266
2311
2267
2312
2313
2269
2315
2270
2316
2271
2317
2272
2318
2273
2319
2274
2320
2275
2321
2276
2322
2277
2323
2278
2324
2279
2325
2280
2326
2281
2327
2282
2328
2283
2329
2284
2330
2285
2331
2286
2332
2287
2333
2288
2334
2289
2335
2290
2336
2291
2337
2292
2338
2293
2339
2294
2340
2295
2341
2296
2342
2297
2343
2298
2344
2299
2345
2300
2346
2301
2347
2302
2348
2303
2349
2304
2350
2305
2351
2306
2352
2307
2353
2308
2354
2309
2355
2310
2356
2311
2357
2312
2358
2313
2359
2360
2315
2361
2316
2362
2317
2363
2318
2364
2319
2365
2320
2366
2321
2367
2322
2368
2323
2369
2324
2370
2325
2371
2326
2372
2327
2373
2328
2374
2329
2375
2330
2376
2331
2377
2332
2378
2333
2379
2334
2380
2335
2381
2336
2382
2337
2383
2338
2384
2339
2385
2340
2386
2341
2387
2342
2388
2343
2389
2344
2390
2345
2391
2346
2392
2347
2393
2348
2394
2349
2395
2350
2396
2351
2397
2352
2398
2353
2399
2354
2400
2355
2401
2356
2402
2357
2403
2358
2404
2359
2405
2360
2406
2407
2362
2408
2363
2409
2364
2410
2365
2411
2366
2412
2367
2413
2368
2414
2369
2415
2370
2416
2371
2417
2372
2418
2373
2419
2374
2420
2375
2421
2376
2422
2377
2423
2378
2424
2379
2425
2380
2426
2381
2427
2382
2428
2383
2429
2384
2430
2385
2431
2386
2432
2387
2433
2388
2434
2389
2435
2390
2436
2391
2437
2392
2438
2393
2439
2394
2440
2395
2441
2396
2442
2397
2443
2398
2444
2399
2445
2400
2446
2401
2447
2402
2448
2403
2449
2404
2450
2405
2451
2406
2452
2407
2453
2454
2409
2455
2410
2456
2411
2457
2412
2458
2413
2459
2414
2460
2415
2461
2416
2462
2417
2463
2418
2464
2419
2465
2420
2466
2421
2467
2422
2468
2423
2469
2424
2470
2425
2471
2426
2472
2427
2473
2428
2474
2429
2475
2430
2476
2431
2477
2432
2478
2433
2479
2434
2480
2435
2481
2436
2482
2437
2483
2438
2484
2439
2485
2440
2486
2441
2487
2442
2488
2443
2489
2444
2490
2445
2491
2446
2492
2447
2493
2448
2494
2449
2495
2450
2496
2451
2497
2452
2498
2453
2499
2454
2500
2501
2456
2457
2458
2459
2460
2461
2462
2463
2464
2465
2466
2467
2468
2469
2470
2471
2472
2473
2474
2475
2476
2477
2478
2479
2480
2481
2482
2483
2484
2485
2486
2487
2488
2489
2490
2491
2492
2493
2494
2495
2496
2497
2498
2499
2500
2501
2504
7947
8262
8263
2504
8262
8309
2506
2643
2507
7950
8263
8264
2507
8263
8310
2509
2646
2510
7953
8264
8265
2510
8264
8311
2512
2649
2513
7956
8265
8266
2513
8265
8312
2515
2652
2516
7959
8266
8267
2516
8266
8313
2518
2655
2519
7962
8267
8268
2519
8267
8314
2521
2658
2522
7965
8268
8269
2522
8268
8315
2524
2661
2525
7968
8269
8270
2525
8269
8316
2527
2664
2528
7971
8270
8271
2528
8270
8317
2530
2667
2531
7974
8271
8272
2531
8271
8318
2533
2670
2534
7977
8272
8273
2534
8272
8319
2536
2673
2537
7980
8273
8274
2537
8273
8320
2539
2676
2540
7983
8274
8275
2540
8274
8321
2542
2679
2543
7986
8275
8276
2543
8275
8322
2545
2682
2546
7989
8276
8277
2546
8276
8323
2548
2685
2549
7992
8277
8278
2549
8277
8324
2551
2688
2552
7995
8278
8279
2552
8278
8325
2554
2691
2555
7998
8279
8280
2555
8279
8326
2557
2694
2558
8001
8280
8281
2558
8280
8327
2560
2697
2561
8004
8281
8282
2561
8281
8328
2563
2700
2564
8007
8282
8283
2564
8282
8329
2566
2703
2567
8010
8283
8284
2567
8283
8330
2569
2706
2570
8013
8284
8285
2570
8284
8331
2572
2709
2573
8016
8285
8286
2573
8285
8332
2575
2712
2576
8019
8286
8287
2576
8286
8333
2578
2715
2579
8022
8287
8288
2579
8287
8334
2581
2718
2582
8025
8288
8289
2582
8288
8335
2584
2721
2585
8028
8289
8290
2585
8289
8336
2587
2724
2588
8031
8290
8291
2588
8290
8337
2590
2727
2591
8034
8291
8292
2591
8291
8338
2593
2730
2594
8037
8292
8293
2594
8292
8339
2596
2733
2597
8040
8293
8294
2597
8293
8340
2599
2736
2600
8043
8294
8295
2600
8294
8341
2602
2739
2603
8046
8295
8296
2603
8295
8342
2605
2742
2606
8049
8296
8297
2606
8296
8343
2608
2745
2609
8052
8297
8298
2609
8297
8344
2611
2748
2612
8055
8298
8299
2612
8298
8345
2614
2751
2615
8058
8299
8300
2615
8299
8346
2617
2754
2618
8061
8300
8301
2618
8300
8347
2620
2757
2621
8064
8301
8302
2621
8301
8348
2623
2760
2624
8067
8302
8303
2624
8302
8349
2626
2763
2627
8070
8303
8304
2627
8303
8350
2629
2766
2630
8073
8304
8305
2630
8304
8351
2632
2769
2633
8076
8305
8306
2633
8305
8352
2635
2772
2636
8079
8306
8307
2636
8306
8353
2638
2775
2639
8082
8307
8308
2639
8307
8354
2641
2778
2642
8085
8308
2642
8308
8355
2781
2645
8309
8310
2645
8309
8356
2647
2784
2648
8310
8311
2648
8310
8357
2650
2787
2651
8311
8312
2651
8311
8358
2653
2790
2654
8312
8313
2654
8312
8359
2656
2793
2657
8313
8314
2657
8313
8360
2659
2796
2660
8314
8315
2660
8314
8361
2662
2799
2663
8315
8316
2663
8315
8362
2665
2802
2666
8316
8317
2666
8316
8363
2668
2805
2669
8317
8318
2669
8317
8364
2671
2808
2672
8318
8319
2672
8318
8365
2674
2811
2675
8319
8320
2675
8319
8366
2677
2814
2678
8320
8321
2678
8320
8367
2680
2817
2681
8321
8322
2681
8321
8368
2683
2820
2684
8322
8323
2684
8322
8369
2686
2823
2687
8323
8324
2687
8323
8370
2689
2826
2690
8324
8325
2690
8324
8371
2692
2829
2693
8325
8326
2693
8325
8372
2695
2832
2696
8326
8327
2696
8326
8373
2698
2835
2699
8327
8328
2699
8327
8374
2701
2838
2702
8328
8329
2702
8328
8375
2704
2841
2705
8329
8330
2705
8329
8376
2707
2844
2708
8330
8331
2708
8330
8377
2710
2847
2711
8331
8332
2711
8331
8378
2713
2850
2714
8332
8333
2714
8332
8379
2716
2853
2717
8333
8334
2717
8333
8380
2719
2856
2720
8334
8335
2720
8334
8381
2722
2859
2723
8335
8336
2723
8335
8382
2725
2862
2726
8336
8337
2726
8336
8383
2728
2865
2729
8337
8338
2729
8337
8384
2731
2868
2732
8338
8339
2732
8338
8385
2734
2871
2735
8339
8340
2735
8339
8386
2737
2874
2738
8340
8341
2738
8340
8387
2740
2877
2741
8341
8342
2741
8341
8388
2743
2880
2744
8342
8343
2744
8342
8389
2746
2883
2747
8343
8344
2747
8343
8390
2749
2886
2750
8344
8345
2750
8344
8391
2752
2889
2753
8345
8346
2753
8345
8392
2755
2892
2756
8346
8347
2756
8346
8393
2758
2895
2759
8347
8348
2759
8347
8394
2761
2898
2762
8348
8349
2762
8348
8395
2764
2901
2765
8349
8350
2765
8349
8396
2767
2904
2768
8350
8351
2768
8350
8397
2770
2907
2771
8351
8352
2771
8351
8398
2773
2910
2774
8352
8353
2774
8352
8399
2776
2913
2777
8353
8354
2777
8353
8400
2779
2916
2780
8354
8355
2780
8354
8401
2782
2919
2783
8355
2783
8355
8402
2922
2786
8356
8357
2786
8356
8403
2788
2925
2789
8357
8358
2789
8357
8404
2791
2928
2792
8358
8359
2792
8358
8405
2794
2931
2795
8359
8360
2795
8359
8406
2797
2934
2798
8360
8361
2798
8360
8407
2800
2937
2801
8361
8362
2801
8361
8408
2803
2940
2804
8362
8363
2804
8362
8409
2806
2943
2807
8363
8364
2807
8363
8410
2809
2946
2810
8364
8365
2810
8364
8411
2812
2949
2813
8365
8366
2813
8365
8412
2815
2952
2816
8366
8367
2816
8366
8413
2818
2955
2819
8367
8368
2819
8367
8414
2821
2958
2822
8368
8369
2822
8368
8415
2824
2961
2825
8369
8370
2825
8369
8416
2827
2964
2828
8370
8371
2828
8370
8417
2830
2967
2831
8371
8372
2831
8371
8418
2833
2970
2834
8372
8373
2834
8372
8419
2836
2973
2837
8373
8374
2837
8373
8420
2839
2976
2840
8374
8375
2840
8374
8421
2842
2979
2843
8375
8376
2843
8375
8422
2845
2982
2846
8376
8377
2846
8376
8423
2848
2985
2849
8377
8378
2849
8377
8424
2851
2988
2852
8378
8379
2852
8378
8425
2854
2991
2855
8379
8380
2855
8379
8426
2857
2994
2858
8380
8381
2858
8380
8427
2860
2997
2861
8381
8382
2861
8381
8428
2863
3000
2864
8382
8383
2864
8382
8429
2866
3003
2867
8383
8384
2867
8383
8430
2869
3006
2870
8384
8385
2870
8384
8431
2872
3009
2873
8385
8386
2873
8385
8432
2875
3012
2876
8386
8387
2876
8386
8433
2878
3015
2879
8387
8388
2879
8387
8434
2881
3018
2882
8388
8389
2882
8388
8435
2884
3021
2885
8389
8390
2885
8389
8436
2887
3024
2888
8390
8391
2888
8390
8437
2890
3027
2891
8391
8392
2891
8391
8438
2893
3030
2894
8392
8393
2894
8392
8439
2896
3033
2897
8393
8394
2897
8393
8440
2899
3036
2900
8394
8395
2900
8394
8441
2902
3039
2903
8395
8396
2903
8395
8442
2905
3042
2906
8396
8397
2906
8396
8443
2908
3045
2909
8397
8398
2909
8397
8444
2911
3048
2912
8398
8399
2912
8398
8445
2914
3051
2915
8399
8400
2915
8399
8446
2917
3054
2918
8400
8401
2918
8400
8447
2920
3057
2921
8401
8402
2921
8401
8448
2923
3060
2924
8402
2924
8402
8449
3063
2927
8403
8404
2927
8403
8450
2929
3066
2930
8404
8405
2930
8404
8451
2932
3069
2933
8405
8406
2933
8405
8452
2935
3072
2936
8406
8407
2936
8406
8453
2938
3075
2939
8407
8408
2939
8407
8454
2941
3078
2942
8408
8409
2942
8408
8455
2944
3081
2945
8409
8410
2945
8409
8456
2947
3084
2948
8410
8411
2948
8410
8457
2950
3087
2951
8411
8412
2951
8411
8458
2953
3090
2954
8412
8413
2954
8412
8459
2956
3093
2957
8413
8414
2957
8413
8460
2959
3096
2960
8414
8415
2960
8414
8461
2962
3099
2963
8415
8416
2963
8415
8462
2965
3102
2966
8416
8417
2966
8416
8463
2968
3105
2969
8417
8418
2969
8417
8464
2971
3108
2972
8418
8419
2972
8418
8465
2974
3111
2975
8419
8420
2975
8419
8466
2977
3114
2978
8420
8421
2978
8420
8467
2980
3117
2981
8421
8422
2981
8421
8468
2983
3120
2984
8422
8423
2984
8422
8469
2986
3123
2987
8423
8424
2987
8423
8470
2989
3126
2990
8424
8425
2990
8424
8471
2992
3129
2993
8425
8426
2993
8425
8472
2995
3132
2996
8426
8427
2996
8426
8473
2998
3135
2999
8427
8428
2999
8427
8474
3001
3138
3002
8428
8429
3002
8428
8475
3004
3141
3005
8429
8430
3005
8429
8476
3007
3144
3008
8430
8431
3008
8430
8477
3010
3147
3011
8431
8432
3011
8431
8478
3013
3150
3014
8432
8433
3014
8432
8479
3016
3153
3017
8433
8434
3017
8433
8480
3019
3156
3020
8434
8435
3020
8434
8481
3022
3159
3023
8435
8436
3023
8435
8482
3025
3162
3026
8436
8437
3026
8436
8483
3028
3165
3029
8437
8438
3029
8437
8484
3031
3168
3032
8438
8439
3032
8438
8485
3034
3171
3035
8439
8440
3035
8439
8486
3037
3174
3038
8440
8441
3038
8440
8487
3040
3177
3041
8441
8442
3041
8441
8488
3043
3180
3044
8442
8443
3044
8442
8489
3046
3183
3047
8443
8444
3047
8443
8490
3049
3186
3050
8444
8445
3050
8444
8491
3052
3189
3053
8445
8446
3053
8445
8492
3055
3192
3056
8446
8447
3056
8446
8493
3058
3195
3059
8447
8448
3059
8447
8494
3061
3198
3062
8448
8449
3062
8448
8495
3064
3201
3065
8449
3065
8449
8496
3204
3068
8450
8451
3068
8450
8497
3070
3207
3071
8451
8452
3071
8451
8498
3073
3210
3074
8452
8453
3074
8452
8499
3076
3213
3077
8453
8454
3077
8453
8500
3079
3216
3080
8454
8455
3080
8454
8501
3082
3219
3083
8455
8456
3083
8455
8502
3085
3222
3086
8456
8457
3086
8456
8503
3088
3225
3089
8457
8458
3089
8457
8504
3091
3228
3092
8458
8459
3092
8458
8505
3094
3231
3095
8459
8460
3095
8459
8506
3097
3234
3098
8460
8461
3098
8460
8507
3100
3237
3101
8461
8462
3101
8461
8508
3103
3240
3104
8462
8463
3104
8462
8509
3106
3243
3107
8463
8464
3107
8463
8510
3109
3246
3110
8464
8465
3110
8464
8511
3112
3249
3113
8465
8466
3113
8465
8512
3115
3252
3116
8466
8467
3116
8466
8513
3118
3255
3119
8467
8468
3119
8467
8514
3121
3258
3122
8468
8469
3122
8468
8515
3124
3261
3125
8469
8470
3125
8469
8516
3127
3264
3128
8470
8471
3128
8470
8517
3130
3267
3131
8471
8472
3131
8471
8518
3133
3270
3134
8472
8473
3134
8472
8519
3136
3273
3137
8473
8474
3137
8473
8520
3139
3276
3140
8474
8475
3140
8474
8521
3142
3279
3143
8475
8476
3143
8475
8522
3145
3282
3146
8476
8477
3146
8476
8523
3148
3285
3149
8477
8478
3149
8477
8524
3151
3288
3152
8478
8479
3152
8478
8525
3154
3291
3155
8479
8480
3155
8479
8526
3157
3294
3158
8480
8481
3158
8480
8527
3160
3297
3161
8481
8482
3161
8481
8528
3163
3300
3164
8482
8483
3164
8482
8529
3166
3303
3167
8483
8484
3167
8483
8530
3169
3306
3170
8484
8485
3170
8484
8531
3172
3309
3173
8485
8486
3173
8485
8532
3175
3312
3176
8486
8487
3176
8486
8533
3178
3315
3179
8487
8488
3179
8487
8534
3181
3318
3182
8488
8489
3182
8488
8535
3184
3321
3185
8489
8490
3185
8489
8536
3187
3324
3188
8490
8491
3188
8490
8537
3190
3327
3191
8491
8492
3191
8491
8538
3193
3330
3194
8492
8493
3194
8492
8539
3196
3333
3197
8493
8494
3197
8493
8540
3199
3336
3200
8494
8495
3200
8494
8541
3202
3339
3203
8495
8496
3203
8495
8542
3205
3342
3206
8496
3206
8496
8543
3345
3209
8497
8498
3209
8497
8544
3211
3348
3212
8498
8499
3212
8498
8545
3214
3351
3215
8499
8500
3215
8499
8546
3217
3354
3218
8500
8501
3218
8500
8547
3220
3357
3221
8501
8502
3221
8501
8548
3223
3360
3224
8502
8503
3224
8502
8549
3226
3363
3227
8503
8504
3227
8503
8550
3229
3366
3230
8504
8505
3230
8504
8551
3232
3369
3233
8505
8506
3233
8505
8552
3235
3372
3236
8506
8507
3236
8506
8553
3238
3375
3239
8507
8508
3239
8507
8554
3241
3378
3242
8508
8509
3242
8508
8555
3244
3381
3245
8509
8510
3245
8509
8556
3247
3384
3248
8510
8511
3248
8510
8557
3250
3387
3251
8511
8512
3251
8511
8558
3253
3390
3254
8512
8513
3254
8512
8559
3256
3393
3257
8513
8514
3257
8513
8560
3259
3396
3260
8514
8515
3260
8514
8561
3262
3399
3263
8515
8516
3263
8515
8562
3265
3402
3266
8516
8517
3266
8516
8563
3268
3405
3269
8517
8518
3269
8517
8564
3271
3408
3272
8518
8519
3272
8518
8565
3274
3411
3275
8519
8520
3275
8519
8566
3277
3414
3278
8520
8521
3278
8520
8567
3280
3417
3281
8521
8522
3281
8521
8568
3283
3420
3284
8522
8523
3284
8522
8569
3286
3423
3287
8523
8524
3287
8523
8570
3289
3426
3290
8524
8525
3290
8524
8571
3292
3429
3293
8525
8526
3293
8525
8572
3295
3432
3296
8526
8527
3296
8526
8573
3298
3435
3299
8527
8528
3299
8527
8574
3301
3438
3302
8528
8529
3302
8528
8575
3304
3441
3305
8529
8530
3305
8529
8576
3307
3444
3308
8530
8531
3308
8530
8577
3310
3447
3311
8531
8532
3311
8531
8578
3313
3450
3314
8532
8533
3314
8532
8579
3316
3453
3317
8533
8534
3317
8533
8580
3319
3456
3320
8534
8535
3320
8534
8581
3322
3459
3323
8535
8536
3323
8535
8582
3325
3462
3326
8536
8537
3326
8536
8583
3328
3465
3329
8537
8538
3329
8537
8584
3331
3468
3332
8538
8539
3332
8538
8585
3334
3471
3335
8539
8540
3335
8539
8586
3337
3474
3338
8540
8541
3338
8540
8587
3340
3477
3341
8541
8542
3341
8541
8588
3343
3480
3344
8542
8543
3344
8542
8589
3346
3483
3347
8543
3347
8543
8590
3486
3350
8544
8545
3350
8544
8591
3352
3489
3353
8545
8546
3353
8545
8592
3355
3492
3356
8546
8547
3356
8546
8593
3358
3495
3359
8547
8548
3359
8547
8594
3361
3498
3362
8548
8549
3362
8548
8595
3364
3501
3365
8549
8550
3365
8549
8596
3367
3504
3368
8550
8551
3368
8550
8597
3370
3507
3371
8551
8552
3371
8551
8598
3373
3510
3374
8552
8553
3374
8552
8599
3376
3513
3377
8553
8554
3377
8553
8600
3379
3516
3380
8554
8555
3380
8554
8601
3382
3519
3383
8555
8556
3383
8555
8602
3385
3522
3386
8556
8557
3386
8556
8603
3388
3525
3389
8557
8558
3389
8557
8604
3391
3528
3392
8558
8559
3392
8558
8605
3394
3531
3395
8559
8560
3395
8559
8606
3397
3534
3398
8560
8561
3398
8560
8607
3400
3537
3401
8561
8562
3401
8561
8608
3403
3540
3404
8562
8563
3404
8562
8609
3406
3543
3407
8563
8564
3407
8563
8610
3409
3546
3410
8564
8565
3410
8564
8611
3412
3549
3413
8565
8566
3413
8565
8612
3415
3552
3416
8566
8567
3416
8566
8613
3418
3555
3419
8567
8568
3419
8567
8614
3421
3558
3422
8568
8569
3422
8568
8615
3424
3561
3425
8569
8570
3425
8569
8616
3427
3564
3428
8570
8571
3428
8570
8617
3430
3567
3431
8571
8572
3431
8571
8618
3433
3570
3434
8572
8573
3434
8572
8619
3436
3573
3437
8573
8574
3437
8573
8620
3439
3576
3440
8574
8575
3440
8574
8621
3442
3579
3443
8575
8576
3443
8575
8622
3445
3582
3446
8576
8577
3446
8576
8623
3448
3585
3449
8577
8578
3449
8577
8624
3451
3588
3452
8578
8579
3452
8578
8625
3454
3591
3455
8579
8580
3455
8579
8626
3457
3594
3458
8580
8581
3458
8580
8627
3460
3597
3461
8581
8582
3461
8581
8628
3463
3600
3464
8582
8583
3464
8582
8629
3466
3603
3467
8583
8584
3467
8583
8630
3469
3606
3470
8584
8585
3470
8584
8631
3472
3609
3473
8585
8586
3473
8585
8632
3475
3612
3476
8586
8587
3476
8586
8633
3478
3615
3479
8587
8588
3479
8587
8634
3481
3618
3482
8588
8589
3482
8588
8635
3484
3621
3485
8589
8590
3485
8589
8636
3487
3624
3488
8590
3488
8590
8637
3627
3491
8591
8592
3491
8591
8638
3493
3630
3494
8592
8593
3494
8592
8639
3496
3633
3497
8593
8594
3497
8593
8640
3499
3636
3500
8594
8595
3500
8594
8641
3502
3639
3503
8595
8596
3503
8595
8642
3505
3642
3506
8596
8597
3506
8596
8643
3508
3645
3509
8597
8598
3509
8597
8644
3511
3648
3512
8598
8599
3512
8598
8645
3514
3651
3515
8599
8600
3515
8599
8646
3517
3654
3518
8600
8601
3518
8600
8647
3520
3657
3521
8601
8602
3521
8601
8648
3523
3660
3524
8602
8603
3524
8602
8649
3526
3663
3527
8603
8604
3527
8603
8650
3529
3666
3530
8604
8605
3530
8604
8651
3532
3669
3533
8605
8606
3533
8605
8652
3535
3672
3536
8606
8607
3536
8606
8653
3538
3675
3539
8607
8608
3539
8607
8654
3541
3678
3542
8608
8609
3542
8608
8655
3544
3681
3545
8609
8610
3545
8609
8656
3547
3684
3548
8610
8611
3548
8610
8657
3550
3687
3551
8611
8612
3551
8611
8658
3553
3690
3554
8612
8613
3554
8612
8659
3556
3693
3557
8613
8614
3557
8613
8660
3559
3696
3560
8614
8615
3560
8614
8661
3562
3699
3563
8615
8616
3563
8615
8662
3565
3702
3566
8616
8617
3566
8616
8663
3568
3705
3569
8617
8618
3569
8617
8664
3571
3708
3572
8618
8619
3572
8618
8665
3574
3711
3575
8619
8620
3575
8619
8666
3577
3714
3578
8620
8621
3578
8620
8667
3580
3717
3581
8621
8622
3581
8621
8668
3583
3720
3584
8622
8623
3584
8622
8669
3586
3723
3587
8623
8624
3587
8623
8670
3589
3726
3590
8624
8625
3590
8624
8671
3592
3729
3593
8625
8626
3593
8625
8672
3595
3732
3596
8626
8627
3596
8626
8673
3598
3735
3599
8627
8628
3599
8627
8674
3601
3738
3602
8628
8629
3602
8628
8675
3604
3741
3605
8629
8630
3605
8629
8676
3607
3744
3608
8630
8631
3608
8630
8677
3610
3747
3611
8631
8632
3611
8631
8678
3613
3750
3614
8632
8633
3614
8632
8679
3616
3753
3617
8633
8634
3617
8633
8680
3619
3756
3620
8634
8635
3620
8634
8681
3622
3759
3623
8635
8636
3623
8635
8682
3625
3762
3626
8636
8637
3626
8636
8683
3628
3765
3629
8637
3629
8637
8684
3768
3632
8638
8639
3632
8638
8685
3634
3771
3635
8639
8640
3635
8639
8686
3637
3774
3638
8640
8641
3638
8640
8687
3640
3777
3641
8641
8642
3641
8641
8688
3643
3780
3644
8642
8643
3644
8642
8689
3646
3783
3647
8643
8644
3647
8643
8690
3649
3786
3650
8644
8645
3650
8644
8691
3652
3789
3653
8645
8646
3653
8645
8692
3655
3792
3656
8646
8647
3656
8646
8693
3658
3795
3659
8647
8648
3659
8647
8694
3661
3798
3662
8648
8649
3662
8648
8695
3664
3801
3665
8649
8650
3665
8649
8696
3667
3804
3668
8650
8651
3668
8650
8697
3670
3807
3671
8651
8652
3671
8651
8698
3673
3810
3674
8652
8653
3674
8652
8699
3676
3813
3677
8653
8654
3677
8653
8700
3679
3816
3680
8654
8655
3680
8654
8701
3682
3819
3683
8655
8656
3683
8655
8702
3685
3822
3686
8656
8657
3686
8656
8703
3688
3825
3689
8657
8658
3689
8657
8704
3691
3828
3692
8658
8659
3692
8658
8705
3694
3831
3695
8659
8660
3695
8659
8706
3697
3834
3698
8660
8661
3698
8660
8707
3700
3837
3701
8661
8662
3701
8661
8708
3703
3840
3704
8662
8663
3704
8662
8709
3706
3843
3707
8663
8664
3707
8663
8710
3709
3846
3710
8664
8665
3710
8664
8711
3712
3849
3713
8665
8666
3713
8665
8712
3715
3852
3716
8666
8667
3716
8666
8713
3718
3855
3719
8667
8668
3719
8667
8714
3721
3858
3722
8668
8669
3722
8668
8715
3724
3861
3725
8669
8670
3725
8669
8716
3727
3864
3728
8670
8671
3728
8670
8717
3730
3867
3731
8671
8672
3731
8671
8718
3733
3870
3734
8672
8673
3734
8672
8719
3736
3873
3737
8673
8674
3737
8673
8720
3739
3876
3740
8674
8675
3740
8674
8721
3742
3879
3743
8675
8676
3743
8675
8722
3745
3882
3746
8676
8677
3746
8676
8723
3748
3885
3749
8677
8678
3749
8677
8724
3751
3888
3752
8678
8679
3752
8678
8725
3754
3891
3755
8679
8680
3755
8679
8726
3757
3894
3758
8680
8681
3758
8680
8727
3760
3897
3761
8681
8682
3761
8681
8728
3763
3900
3764
8682
8683
3764
8682
8729
3766
3903
3767
8683
8684
3767
8683
8730
3769
3906
3770
8684
3770
8684
8731
3909
3773
8685
8686
3773
8685
8732
3775
3912
3776
8686
8687
3776
8686
8733
3778
3915
3779
8687
8688
3779
8687
8734
3781
3918
3782
8688
8689
3782
8688
8735
3784
3921
3785
8689
8690
3785
8689
8736
3787
3924
3788
8690
8691
3788
8690
8737
3790
3927
3791
8691
8692
3791
8691
8738
3793
3930
3794
8692
8693
3794
8692
8739
3796
3933
3797
8693
8694
3797
8693
8740
3799
3936
3800
8694
8695
3800
8694
8741
3802
3939
3803
8695
8696
3803
8695
8742
3805
3942
3806
8696
8697
3806
8696
8743
3808
3945
3809
8697
8698
3809
8697
8744
3811
3948
3812
8698
8699
3812
8698
8745
3814
3951
3815
8699
8700
3815
8699
8746
3817
3954
3818
8700
8701
3818
8700
8747
3820
3957
3821
8701
8702
3821
8701
8748
3823
3960
3824
8702
8703
3824
8702
8749
3826
3963
3827
8703
8704
3827
8703
8750
3829
3966
3830
8704
8705
3830
8704
8751
3832
3969
3833
8705
8706
3833
8705
8752
3835
3972
3836
8706
8707
3836
8706
8753
3838
3975
3839
8707
8708
3839
8707
8754
3841
3978
3842
8708
8709
3842
8708
8755
3844
3981
3845
8709
8710
3845
8709
8756
3847
3984
3848
8710
8711
3848
8710
8757
3850
3987
3851
8711
8712
3851
8711
8758
3853
3990
3854
8712
8713
3854
8712
8759
3856
3993
3857
8713
8714
3857
8713
8760
3859
3996
3860
8714
8715
3860
8714
8761
3862
3999
3863
8715
8716
3863
8715
8762
3865
4002
3866
8716
8717
3866
8716
8763
3868
4005
3869
8717
8718
3869
8717
8764
3871
4008
3872
8718
8719
3872
8718
8765
3874
4011
3875
8719
8720
3875
8719
8766
3877
4014
3878
8720
8721
3878
8720
8767
3880
4017
3881
8721
8722
3881
8721
8768
3883
4020
3884
8722
8723
3884
8722
8769
3886
4023
3887
8723
8724
3887
8723
8770
3889
4026
3890
8724
8725
3890
8724
8771
3892
4029
3893
8725
8726
3893
8725
8772
3895
4032
3896
8726
8727
3896
8726
8773
3898
4035
3899
8727
8728
3899
8727
8774
3901
4038
3902
8728
8729
3902
8728
8775
3904
4041
3905
8729
8730
3905
8729
8776
3907
4044
3908
8730
8731
3908
8730
8777
3910
4047
3911
8731
3911
8731
8778
4050
3914
8732
8733
3914
8732
8779
3916
4053
3917
8733
8734
3917
8733
8780
3919
4056
3920
8734
8735
3920
8734
8781
3922
4059
3923
8735
8736
3923
8735
8782
3925
4062
3926
8736
8737
3926
8736
8783
3928
4065
3929
8737
8738
3929
8737
8784
3931
4068
3932
8738
8739
3932
8738
8785
3934
4071
3935
8739
8740
3935
8739
8786
3937
4074
3938
8740
8741
3938
8740
8787
3940
4077
3941
8741
8742
3941
8741
8788
3943
4080
3944
8742
8743
3944
8742
8789
3946
4083
3947
8743
8744
3947
8743
8790
3949
4086
3950
8744
8745
3950
8744
8791
3952
4089
3953
8745
8746
3953
8745
8792
3955
4092
3956
8746
8747
3956
8746
8793
3958
4095
3959
8747
8748
3959
8747
8794
3961
4098
3962
8748
8749
3962
8748
8795
3964
4101
3965
8749
8750
3965
8749
8796
3967
4104
3968
8750
8751
3968
8750
8797
3970
4107
3971
8751
8752
3971
8751
8798
3973
4110
3974
8752
8753
3974
8752
8799
3976
4113
3977
8753
8754
3977
8753
8800
3979
4116
3980
8754
8755
3980
8754
8801
3982
4119
3983
8755
8756
3983
8755
8802
3985
4122
3986
8756
8757
3986
8756
8803
3988
4125
3989
8757
8758
3989
8757
8804
3991
4128
3992
8758
8759
3992
8758
8805
3994
4131
3995
8759
8760
3995
8759
8806
3997
4134
3998
8760
8761
3998
8760
8807
4000
4137
4001
8761
8762
4001
8761
8808
4003
4140
4004
8762
8763
4004
8762
8809
4006
4143
4007
8763
8764
4007
8763
8810
4009
4146
4010
8764
8765
4010
8764
8811
4012
4149
4013
8765
8766
4013
8765
8812
4015
4152
4016
8766
8767
4016
8766
8813
4018
4155
4019
8767
8768
4019
8767
8814
4021
4158
4022
8768
8769
4022
8768
8815
4024
4161
4025
8769
8770
4025
8769
8816
4027
4164
4028
8770
8771
4028
8770
8817
4030
4167
4031
8771
8772
4031
8771
8818
4033
4170
4034
8772
8773
4034
8772
8819
4036
4173
4037
8773
8774
4037
8773
8820
4039
4176
4040
8774
8775
4040
8774
8821
4042
4179
4043
8775
8776
4043
8775
8822
4045
4182
4046
8776
8777
4046
8776
8823
4048
4185
4049
8777
8778
4049
8777
8824
4051
4188
4052
8778
4052
8778
8825
4191
4055
8779
8780
4055
8779
8826
4057
4194
4058
8780
8781
4058
8780
8827
4060
4197
4061
8781
8782
4061
8781
8828
4063
4200
4064
8782
8783
4064
8782
8829
4066
4203
4067
8783
8784
4067
8783
8830
4069
4206
4070
8784
8785
4070
8784
8831
4072
4209
4073
8785
8786
4073
8785
8832
4075
4212
4076
8786
8787
4076
8786
8833
4078
4215
4079
8787
8788
4079
8787
8834
4081
4218
4082
8788
8789
4082
8788
8835
4084
4221
4085
8789
8790
4085
8789
8836
4087
4224
4088
8790
8791
4088
8790
8837
4090
4227
4091
8791
8792
4091
8791
8838
4093
4230
4094
8792
8793
4094
8792
8839
4096
4233
4097
8793
8794
4097
8793
8840
4099
4236
4100
8794
8795
4100
8794
8841
4102
4239
4103
8795
8796
4103
8795
8842
4105
4242
4106
8796
8797
4106
8796
8843
4108
4245
4109
8797
8798
4109
8797
8844
4111
4248
4112
8798
8799
4112
8798
8845
4114
4251
4115
8799
8800
4115
8799
8846
4117
4254
4118
8800
8801
4118
8800
8847
4120
4257
4121
8801
8802
4121
8801
8848
4123
4260
4124
8802
8803
4124
8802
8849
4126
4263
4127
8803
8804
4127
8803
8850
4129
4266
4130
8804
8805
4130
8804
8851
4132
4269
4133
8805
8806
4133
8805
8852
4135
4272
4136
8806
8807
4136
8806
8853
4138
4275
4139
8807
8808
4139
8807
8854
4141
4278
4142
8808
8809
4142
8808
8855
4144
4281
4145
8809
8810
4145
8809
8856
4147
4284
4148
8810
8811
4148
8810
8857
4150
4287
4151
8811
8812
4151
8811
8858
4153
4290
4154
8812
8813
4154
8812
8859
4156
4293
4157
8813
8814
4157
8813
8860
4159
4296
4160
8814
8815
4160
8814
8861
4162
4299
4163
8815
8816
4163
8815
8862
4165
4302
4166
8816
8817
4166
8816
8863
4168
4305
4169
8817
8818
4169
8817
8864
4171
4308
4172
8818
8819
4172
8818
8865
4174
4311
4175
8819
8820
4175
8819
8866
4177
4314
4178
8820
8821
4178
8820
8867
4180
4317
4181
8821
8822
4181
8821
8868
4183
4320
4184
8822
8823
4184
8822
8869
4186
4323
4187
8823
8824
4187
8823
8870
4189
4326
4190
8824
8825
4190
8824
8871
4192
4329
4193
8825
4193
8825
8872
4332
4196
8826
8827
4196
8826
8873
4198
4335
4199
8827
8828
4199
8827
8874
4201
4338
4202
8828
8829
4202
8828
8875
4204
4341
4205
8829
8830
4205
8829
8876
4207
4344
4208
8830
8831
4208
8830
8877
4210
4347
4211
8831
8832
4211
8831
8878
4213
4350
4214
8832
8833
4214
8832
8879
4216
4353
4217
8833
8834
4217
8833
8880
4219
4356
4220
8834
8835
4220
8834
8881
4222
4359
4223
8835
8836
4223
8835
8882
4225
4362
4226
8836
8837
4226
8836
8883
4228
4365
4229
8837
8838
4229
8837
8884
4231
4368
4232
8838
8839
4232
8838
8885
4234
4371
4235
8839
8840
4235
8839
8886
4237
4374
4238
8840
8841
4238
8840
8887
4240
4377
4241
8841
8842
4241
8841
8888
4243
4380
4244
8842
8843
4244
8842
8889
4246
4383
4247
8843
8844
4247
8843
8890
4249
4386
4250
8844
8845
4250
8844
8891
4252
4389
4253
8845
8846
4253
8845
8892
4255
4392
4256
8846
8847
4256
8846
8893
4258
4395
4259
8847
8848
4259
8847
8894
4261
4398
4262
8848
8849
4262
8848
8895
4264
4401
4265
8849
8850
4265
8849
8896
4267
4404
4268
8850
8851
4268
8850
8897
4270
4407
4271
8851
8852
4271
8851
8898
4273
4410
4274
8852
8853
4274
8852
8899
4276
4413
4277
8853
8854
4277
8853
8900
4279
4416
4280
8854
8855
4280
8854
8901
4282
4419
4283
8855
8856
4283
8855
8902
4285
4422
4286
8856
8857
4286
8856
8903
4288
4425
4289
8857
8858
4289
8857
8904
4291
4428
4292
8858
8859
4292
8858
8905
4294
4431
4295
8859
8860
4295
8859
8906
4297
4434
4298
8860
8861
4298
8860
8907
4300
4437
4301
8861
8862
4301
8861
8908
4303
4440
4304
8862
8863
4304
8862
8909
4306
4443
4307
8863
8864
4307
8863
8910
4309
4446
4310
8864
8865
4310
8864
8911
4312
4449
4313
8865
8866
4313
8865
8912
4315
4452
4316
8866
8867
4316
8866
8913
4318
4455
4319
8867
8868
4319
8867
8914
4321
4458
4322
8868
8869
4322
8868
8915
4324
4461
4325
8869
8870
4325
8869
8916
4327
4464
4328
8870
8871
4328
8870
8917
4330
4467
4331
8871
8872
4331
8871
8918
4333
4470
4334
8872
4334
8872
8919
4473
4337
8873
8874
4337
8873
8920
4339
4476
4340
8874
8875
4340
8874
8921
4342
4479
4343
8875
8876
4343
8875
8922
4345
4482
4346
8876
8877
4346
8876
8923
4348
4485
4349
8877
8878
4349
8877
8924
4351
4488
4352
8878
8879
4352
8878
8925
4354
4491
4355
8879
8880
4355
8879
8926
4357
4494
4358
8880
8881
4358
8880
8927
4360
4497
4361
8881
8882
4361
8881
8928
4363
4500
4364
8882
8883
4364
8882
8929
4366
4503
4367
8883
8884
4367
8883
8930
4369
4506
4370
8884
8885
4370
8884
8931
4372
4509
4373
8885
8886
4373
8885
8932
4375
4512
4376
8886
8887
4376
8886
8933
4378
4515
4379
8887
8888
4379
8887
8934
4381
4518
4382
8888
8889
4382
8888
8935
4384
4521
4385
8889
8890
4385
8889
8936
4387
4524
4388
8890
8891
4388
8890
8937
4390
4527
4391
8891
8892
4391
8891
8938
4393
4530
4394
8892
8893
4394
8892
8939
4396
4533
4397
8893
8894
4397
8893
8940
4399
4536
4400
8894
8895
4400
8894
8941
4402
4539
4403
8895
8896
4403
8895
8942
4405
4542
4406
8896
8897
4406
8896
8943
4408
4545
4409
8897
8898
4409
8897
8944
4411
4548
4412
8898
8899
4412
8898
8945
4414
4551
4415
8899
8900
4415
8899
8946
4417
4554
4418
8900
8901
4418
8900
8947
4420
4557
4421
8901
8902
4421
8901
8948
4423
4560
4424
8902
8903
4424
8902
8949
4426
4563
4427
8903
8904
4427
8903
8950
4429
4566
4430
8904
8905
4430
8904
8951
4432
4569
4433
8905
8906
4433
8905
8952
4435
4572
4436
8906
8907
4436
8906
8953
4438
4575
4439
8907
8908
4439
8907
8954
4441
4578
4442
8908
8909
4442
8908
8955
4444
4581
4445
8909
8910
4445
8909
8956
4447
4584
4448
8910
8911
4448
8910
8957
4450
4587
4451
8911
8912
4451
8911
8958
4453
4590
4454
8912
8913
4454
8912
8959
4456
4593
4457
8913
8914
4457
8913
8960
4459
4596
4460
8914
8915
4460
8914
8961
4462
4599
4463
8915
8916
4463
8915
8962
4465
4602
4466
8916
8917
4466
8916
8963
4468
4605
4469
8917
8918
4469
8917
8964
4471
4608
4472
8918
8919
4472
8918
8965
4474
4611
4475
8919
4475
8919
8966
4614
4478
8920
8921
4478
8920
8967
4480
4617
4481
8921
8922
4481
8921
8968
4483
4620
4484
8922
8923
4484
8922
8969
4486
4623
4487
8923
8924
4487
8923
8970
4489
4626
4490
8924
8925
4490
8924
8971
4492
4629
4493
8925
8926
4493
8925
8972
4495
4632
4496
8926
8927
4496
8926
8973
4498
4635
4499
8927
8928
4499
8927
8974
4501
4638
4502
8928
8929
4502
8928
8975
4504
4641
4505
8929
8930
4505
8929
8976
4507
4644
4508
8930
8931
4508
8930
8977
4510
4647
4511
8931
8932
4511
8931
8978
4513
4650
4514
8932
8933
4514
8932
8979
4516
4653
4517
8933
8934
4517
8933
8980
4519
4656
4520
8934
8935
4520
8934
8981
4522
4659
4523
8935
8936
4523
8935
8982
4525
4662
4526
8936
8937
4526
8936
8983
4528
4665
4529
8937
8938
4529
8937
8984
4531
4668
4532
8938
8939
4532
8938
8985
4534
4671
4535
8939
8940
4535
8939
8986
4537
4674
4538
8940
8941
4538
8940
8987
4540
4677
4541
8941
8942
4541
8941
8988
4543
4680
4544
8942
8943
4544
8942
8989
4546
4683
4547
8943
8944
4547
8943
8990
4549
4686
4550
8944
8945
4550
8944
8991
4552
4689
4553
8945
8946
4553
8945
8992
4555
4692
4556
8946
8947
4556
8946
8993
4558
4695
4559
8947
8948
4559
8947
8994
4561
4698
4562
8948
8949
4562
8948
8995
4564
4701
4565
8949
8950
4565
8949
8996
4567
4704
4568
8950
8951
4568
8950
8997
4570
4707
4571
8951
8952
4571
8951
8998
4573
4710
4574
8952
8953
4574
8952
8999
4576
4713
4577
8953
8954
4577
8953
9000
4579
4716
4580
8954
8955
4580
8954
9001
4582
4719
4583
8955
8956
4583
8955
9002
4585
4722
4586
8956
8957
4586
8956
9003
4588
4725
4589
8957
8958
4589
8957
9004
4591
4728
4592
8958
8959
4592
8958
9005
4594
4731
4595
8959
8960
4595
8959
9006
4597
4734
4598
8960
8961
4598
8960
9007
4600
4737
4601
8961
8962
4601
8961
9008
4603
4740
4604
8962
8963
4604
8962
9009
4606
4743
4607
8963
8964
4607
8963
9010
4609
4746
4610
8964
8965
4610
8964
9011
4612
4749
4613
8965
8966
4613
8965
9012
4615
4752
4616
8966
4616
8966
9013
4755
4619
8967
8968
4619
8967
9014
4621
4758
4622
8968
8969
4622
8968
9015
4624
4761
4625
8969
8970
4625
8969
9016
4627
4764
4628
8970
8971
4628
8970
9017
4630
4767
4631
8971
8972
4631
8971
9018
4633
4770
4634
8972
8973
4634
8972
9019
4636
4773
4637
8973
8974
4637
8973
9020
4639
4776
4640
8974
8975
4640
8974
9021
4642
4779
4643
8975
8976
4643
8975
9022
4645
4782
4646
8976
8977
4646
8976
9023
4648
4785
4649
8977
8978
4649
8977
9024
4651
4788
4652
8978
8979
4652
8978
9025
4654
4791
4655
8979
8980
4655
8979
9026
4657
4794
4658
8980
8981
4658
8980
9027
4660
4797
4661
8981
8982
4661
8981
9028
4663
4800
4664
8982
8983
4664
8982
9029
4666
4803
4667
8983
8984
4667
8983
9030
4669
4806
4670
8984
8985
4670
8984
9031
4672
4809
4673
8985
8986
4673
8985
9032
4675
4812
4676
8986
8987
4676
8986
9033
4678
4815
4679
8987
8988
4679
8987
9034
4681
4818
4682
8988
8989
4682
8988
9035
4684
4821
4685
8989
8990
4685
8989
9036
4687
4824
4688
8990
8991
4688
8990
9037
4690
4827
4691
8991
8992
4691
8991
9038
4693
4830
4694
8992
8993
4694
8992
9039
4696
4833
4697
8993
8994
4697
8993
9040
4699
4836
4700
8994
8995
4700
8994
9041
4702
4839
4703
8995
8996
4703
8995
9042
4705
4842
4706
8996
8997
4706
8996
9043
4708
4845
4709
8997
8998
4709
8997
9044
4711
4848
4712
8998
8999
4712
8998
9045
4714
4851
4715
8999
9000
4715
8999
9046
4717
4854
4718
9000
9001
4718
9000
9047
4720
4857
4721
9001
9002
4721
9001
9048
4723
4860
4724
9002
9003
4724
9002
9049
4726
4863
4727
9003
9004
4727
9003
9050
4729
4866
4730
9004
9005
4730
9004
9051
4732
4869
4733
9005
9006
4733
9005
9052
4735
4872
4736
9006
9007
4736
9006
9053
4738
4875
4739
9007
9008
4739
9007
9054
4741
4878
4742
9008
9009
4742
9008
9055
4744
4881
4745
9009
9010
4745
9009
9056
4747
4884
4748
9010
9011
4748
9010
9057
4750
4887
4751
9011
9012
4751
9011
9058
4753
4890
4754
9012
9013
4754
9012
9059
4756
4893
4757
9013
4757
9013
9060
4896
4760
9014
9015
4760
9014
9061
4762
4899
4763
9015
9016
4763
9015
9062
4765
4902
4766
9016
9017
4766
9016
9063
4768
4905
4769
9017
9018
4769
9017
9064
4771
4908
4772
9018
9019
4772
9018
9065
4774
4911
4775
9019
9020
4775
9019
9066
4777
4914
4778
9020
9021
4778
9020
9067
4780
4917
4781
9021
9022
4781
9021
9068
4783
4920
4784
9022
9023
4784
9022
9069
4786
4923
4787
9023
9024
4787
9023
9070
4789
4926
4790
9024
9025
4790
9024
9071
4792
4929
4793
9025
9026
4793
9025
9072
4795
4932
4796
9026
9027
4796
9026
9073
4798
4935
4799
9027
9028
4799
9027
9074
4801
4938
4802
9028
9029
4802
9028
9075
4804
4941
4805
9029
9030
4805
9029
9076
4807
4944
4808
9030
9031
4808
9030
9077
4810
4947
4811
9031
9032
4811
9031
9078
4813
4950
4814
9032
9033
4814
9032
9079
4816
4953
4817
9033
9034
4817
9033
9080
4819
4956
4820
9034
9035
4820
9034
9081
4822
4959
4823
9035
9036
4823
9035
9082
4825
4962
4826
9036
9037
4826
9036
9083
4828
4965
4829
9037
9038
4829
9037
9084
4831
4968
4832
9038
9039
4832
9038
9085
4834
4971
4835
9039
9040
4835
9039
9086
4837
4974
4838
9040
9041
4838
9040
9087
4840
4977
4841
9041
9042
4841
9041
9088
4843
4980
4844
9042
9043
4844
9042
9089
4846
4983
4847
9043
9044
4847
9043
9090
4849
4986
4850
9044
9045
4850
9044
9091
4852
4989
4853
9045
9046
4853
9045
9092
4855
4992
4856
9046
9047
4856
9046
9093
4858
4995
4859
9047
9048
4859
9047
9094
4861
4998
4862
9048
9049
4862
9048
9095
4864
5001
4865
9049
9050
4865
9049
9096
4867
5004
4868
9050
9051
4868
9050
9097
4870
5007
4871
9051
9052
4871
9051
9098
4873
5010
4874
9052
9053
4874
9052
9099
4876
5013
4877
9053
9054
4877
9053
9100
4879
5016
4880
9054
9055
4880
9054
9101
4882
5019
4883
9055
9056
4883
9055
9102
4885
5022
4886
9056
9057
4886
9056
9103
4888
5025
4889
9057
9058
4889
9057
9104
4891
5028
4892
9058
9059
4892
9058
9105
4894
5031
4895
9059
9060
4895
9059
9106
4897
5034
4898
9060
4898
9060
9107
5037
4901
9061
9062
4901
9061
9108
4903
5040
4904
9062
9063
4904
9062
9109
4906
5042
4907
9063
9064
4907
9063
9110
4909
5045
4910
9064
9065
4910
9064
9111
4912
5048
4913
9065
9066
4913
9065
9112
4915
5051
4916
9066
9067
4916
9066
9113
4918
5054
4919
9067
9068
4919
9067
9114
4921
5057
4922
9068
9069
4922
9068
9115
4924
5060
4925
9069
9070
4925
9069
9116
4927
5063
4928
9070
9071
4928
9070
9117
4930
5066
4931
9071
9072
4931
9071
9118
4933
5069
4934
9072
9073
4934
9072
9119
4936
5072
4937
9073
9074
4937
9073
9120
4939
5075
4940
9074
9075
4940
9074
9121
4942
5078
4943
9075
9076
4943
9075
9122
4945
5081
4946
9076
9077
4946
9076
9123
4948
5084
4949
9077
9078
4949
9077
9124
4951
5087
4952
9078
9079
4952
9078
9125
4954
5090
4955
9079
9080
4955
9079
9126
4957
5093
4958
9080
9081
4958
9080
9127
4960
5096
4961
9081
9082
4961
9081
9128
4963
5099
4964
9082
9083
4964
9082
9129
4966
5102
4967
9083
9084
4967
9083
9130
4969
5105
4970
9084
9085
4970
9084
9131
4972
5108
4973
9085
9086
4973
9085
9132
4975
5111
4976
9086
9087
4976
9086
9133
4978
5114
4979
9087
9088
4979
9087
9134
4981
5117
4982
9088
9089
4982
9088
9135
4984
5120
4985
9089
9090
4985
9089
9136
4987
5123
4988
9090
9091
4988
9090
9137
4990
5126
4991
9091
9092
4991
9091
9138
4993
5129
4994
9092
9093
4994
9092
9139
4996
5132
4997
9093
9094
4997
9093
9140
4999
5135
5000
9094
9095
5000
9094
9141
5002
5138
5003
9095
9096
5003
9095
9142
5005
5141
5006
9096
9097
5006
9096
9143
5008
5144
5009
9097
9098
5009
9097
9144
5011
5147
5012
9098
9099
5012
9098
9145
5014
5150
5015
9099
9100
5015
9099
9146
5017
5153
5018
9100
9101
5018
9100
9147
5020
5156
5021
9101
9102
5021
9101
9148
5023
5159
5024
9102
9103
5024
9102
9149
5026
5162
5027
9103
9104
5027
9103
9150
5029
5165
5030
9104
9105
5030
9104
9151
5032
5168
5033
9105
9106
5033
9105
9152
5035
5171
5036
9106
9107
5036
9106
9153
5038
5174
5039
9107
5039
9107
9154
5177
5041
9108
9109
5043
5180
5044
9109
9110
5044
9109
9155
5046
5182
5047
9110
9111
5047
9110
9156
5049
5185
5050
9111
9112
5050
9111
9157
5052
5188
5053
9112
9113
5053
9112
9158
5055
5191
5056
9113
9114
5056
9113
9159
5058
5194
5059
9114
9115
5059
9114
9160
5061
5197
5062
9115
9116
5062
9115
9161
5064
5200
5065
9116
9117
5065
9116
9162
5067
5203
5068
9117
9118
5068
9117
9163
5070
5206
5071
9118
9119
5071
9118
9164
5073
5209
5074
9119
9120
5074
9119
9165
5076
5212
5077
9120
9121
5077
9120
9166
5079
5215
5080
9121
9122
5080
9121
9167
5082
5218
5083
9122
9123
5083
9122
9168
5085
5221
5086
9123
9124
5086
9123
9169
5088
5224
5089
9124
9125
5089
9124
9170
5091
5227
5092
9125
9126
5092
9125
9171
5094
5230
5095
9126
9127
5095
9126
9172
5097
5233
5098
9127
9128
5098
9127
9173
5100
5236
5101
9128
9129
5101
9128
9174
5103
5239
5104
9129
9130
5104
9129
9175
5106
5242
5107
9130
9131
5107
9130
9176
5109
5245
5110
9131
9132
5110
9131
9177
5112
5248
5113
9132
9133
5113
9132
9178
5115
5251
5116
9133
9134
5116
9133
9179
5118
5254
5119
9134
9135
5119
9134
9180
5121
5257
5122
9135
9136
5122
9135
9181
5124
5260
5125
9136
9137
5125
9136
9182
5127
5263
5128
9137
9138
5128
9137
9183
5130
5266
5131
9138
9139
5131
9138
9184
5133
5269
5134
9139
9140
5134
9139
9185
5136
5272
5137
9140
9141
5137
9140
9186
5139
5275
5140
9141
9142
5140
9141
9187
5142
5278
5143
9142
9143
5143
9142
9188
5145
5281
5146
9143
9144
5146
9143
9189
5148
5284
5149
9144
9145
5149
9144
9190
5151
5287
5152
9145
9146
5152
9145
9191
5154
5290
5155
9146
9147
5155
9146
9192
5157
5293
5158
9147
9148
5158
9147
9193
5160
5296
5161
9148
9149
5161
9148
9194
5163
5299
5164
9149
9150
5164
9149
9195
5166
5302
5167
9150
9151
5167
9150
9196
5169
5305
5170
9151
9152
5170
9151
9197
5172
5308
5173
9152
9153
5173
9152
9198
5175
5311
5176
9153
9154
5176
9153
9199
5178
5314
5179
9154
5179
9154
9200
5317
5181
9155
5183
5320
5184
9155
9156
5184
9155
9201
5186
5322
5187
9156
9157
5187
9156
9202
5189
5325
5190
9157
9158
5190
9157
9203
5192
5328
5193
9158
9159
5193
9158
9204
5195
5331
5196
9159
9160
5196
9159
9205
5198
5334
5199
9160
9161
5199
9160
9206
5201
5337
5202
9161
9162
5202
9161
9207
5204
5340
5205
9162
9163
5205
9162
9208
5207
5343
5208
9163
9164
5208
9163
9209
5210
5346
5211
9164
9165
5211
9164
9210
5213
5349
5214
9165
9166
5214
9165
9211
5216
5352
5217
9166
9167
5217
9166
9212
5219
5355
5220
9167
9168
5220
9167
9213
5222
5358
5223
9168
9169
5223
9168
9214
5225
5361
5226
9169
9170
5226
9169
9215
5228
5364
5229
9170
9171
5229
9170
9216
5231
5367
5232
9171
9172
5232
9171
9217
5234
5370
5235
9172
9173
5235
9172
9218
5237
5373
5238
9173
9174
5238
9173
9219
5240
5376
5241
9174
9175
5241
9174
9220
5243
5379
5244
9175
9176
5244
9175
9221
5246
5382
5247
9176
9177
5247
9176
9222
5249
5385
5250
9177
9178
5250
9177
9223
5252
5388
5253
9178
9179
5253
9178
9224
5255
5391
5256
9179
9180
5256
9179
9225
5258
5394
5259
9180
9181
5259
9180
9226
5261
5397
5262
9181
9182
5262
9181
9227
5264
5400
5265
9182
9183
5265
9182
9228
5267
5403
5268
9183
9184
5268
9183
9229
5270
5406
5271
9184
9185
5271
9184
9230
5273
5409
5274
9185
9186
5274
9185
9231
5276
5412
5277
9186
9187
5277
9186
9232
5279
5415
5280
9187
9188
5280
9187
9233
5282
5418
5283
9188
9189
5283
9188
9234
5285
5421
5286
9189
9190
5286
9189
9235
5288
5424
5289
9190
9191
5289
9190
9236
5291
5427
5292
9191
9192
5292
9191
9237
5294
5430
5295
9192
9193
5295
9192
9238
5297
5433
5298
9193
9194
5298
9193
9239
5300
5436
5301
9194
9195
5301
9194
9240
5303
5439
5304
9195
9196
5304
9195
9241
5306
5442
5307
9196
9197
5307
9196
9242
5309
5445
5310
9197
9198
5310
9197
9243
5312
5448
5313
9198
9199
5313
9198
9244
5315
5451
5316
9199
9200
5316
9199
9245
5318
5454
5319
9200
5319
9200
9246
5457
5321
9201
5323
5324
9201
9202
5324
9201
9247
5326
5460
5327
9202
9203
5327
9202
9248
5329
5461
5330
9203
9204
5330
9203
9249
5332
5462
5333
9204
9205
5333
9204
9250
5335
5464
5336
9205
9206
5336
9205
9251
5338
5467
5339
9206
9207
5339
9206
9252
5341
5470
5342
9207
9208
5342
9207
9253
5344
5473
5345
9208
9209
5345
9208
9254
5347
5476
5348
9209
9210
5348
9209
9255
5350
5479
5351
9210
9211
5351
9210
9256
5353
5482
5354
9211
9212
5354
9211
9257
5356
5485
5357
9212
9213
5357
9212
9258
5359
5488
5360
9213
9214
5360
9213
9259
5362
5491
5363
9214
9215
5363
9214
9260
5365
5494
5366
9215
9216
5366
9215
9261
5368
5497
5369
9216
9217
5369
9216
9262
5371
5500
5372
9217
9218
5372
9217
9263
5374
5503
5375
9218
9219
5375
9218
9264
5377
5506
5378
9219
9220
5378
9219
9265
5380
5509
5381
9220
9221
5381
9220
9266
5383
5512
5384
9221
9222
5384
9221
9267
5386
5515
5387
9222
9223
5387
9222
9268
5389
5518
5390
9223
9224
5390
9223
9269
5392
5521
5393
9224
9225
5393
9224
9270
5395
5524
5396
9225
9226
5396
9225
9271
5398
5527
5399
9226
9227
5399
9226
9272
5401
5530
5402
9227
9228
5402
9227
9273
5404
5533
5405
9228
9229
5405
9228
9274
5407
5536
5408
9229
9230
5408
9229
9275
5410
5539
5411
9230
9231
5411
9230
9276
5413
5542
5414
9231
9232
5414
9231
9277
5416
5545
5417
9232
9233
5417
9232
9278
5419
5548
5420
9233
9234
5420
9233
9279
5422
5551
5423
9234
9235
5423
9234
9280
5425
5554
5426
9235
9236
5426
9235
9281
5428
5557
5429
9236
9237
5429
9236
9282
5431
5560
5432
9237
9238
5432
9237
9283
5434
5563
5435
9238
9239
5435
9238
9284
5437
5566
5438
9239
9240
5438
9239
9285
5440
5569
5441
9240
9241
5441
9240
9286
5443
5572
5444
9241
9242
5444
9241
9287
5446
5575
5447
9242
9243
5447
9242
9288
5449
5578
5450
9243
9244
5450
9243
9289
5452
5581
5453
9244
9245
5453
9244
9290
5455
5584
5456
9245
9246
5456
9245
9291
5458
5587
5459
9246
5459
9246
9292
5590
9247
9248
9248
9249
5463
9249
9250
5465
5593
5466
9250
9251
5466
9250
9293
5468
5595
5469
9251
9252
5469
9251
9294
5471
5598
5472
9252
9253
5472
9252
9295
5474
5601
5475
9253
9254
5475
9253
9296
5477
5604
5478
9254
9255
5478
9254
9297
5480
5607
5481
9255
9256
5481
9255
9298
5483
5610
5484
9256
9257
5484
9256
9299
5486
5613
5487
9257
9258
5487
9257
9300
5489
5616
5490
9258
9259
5490
9258
9301
5492
5619
5493
9259
9260
5493
9259
9302
5495
5622
5496
9260
9261
5496
9260
9303
5498
5625
5499
9261
9262
5499
9261
9304
5501
5628
5502
9262
9263
5502
9262
9305
5504
5631
5505
9263
9264
5505
9263
9306
5507
5634
5508
9264
9265
5508
9264
9307
5510
5637
5511
9265
9266
5511
9265
9308
5513
5640
5514
9266
9267
5514
9266
9309
5516
5643
5517
9267
9268
5517
9267
9310
5519
5646
5520
9268
9269
5520
9268
9311
5522
5649
5523
9269
9270
5523
9269
9312
5525
5652
5526
9270
9271
5526
9270
9313
5528
5655
5529
9271
9272
5529
9271
9314
5531
5658
5532
9272
9273
5532
9272
9315
5534
5661
5535
9273
9274
5535
9273
9316
5537
5664
5538
9274
9275
5538
9274
9317
5540
5667
5541
9275
9276
5541
9275
9318
5543
5670
5544
9276
9277
5544
9276
9319
5546
5673
5547
9277
9278
5547
9277
9320
5549
5676
5550
9278
9279
5550
9278
9321
5552
5679
5553
9279
9280
5553
9279
9322
5555
5682
5556
9280
9281
5556
9280
9323
5558
5685
5559
9281
9282
5559
9281
9324
5561
5688
5562
9282
9283
5562
9282
9325
5564
5691
5565
9283
9284
5565
9283
9326
5567
5694
5568
9284
9285
5568
9284
9327
5570
5697
5571
9285
9286
5571
9285
9328
5573
5700
5574
9286
9287
5574
9286
9329
5576
5703
5577
9287
9288
5577
9287
9330
5579
5706
5580
9288
9289
5580
9288
9331
5582
5709
5583
9289
9290
5583
9289
9332
5585
5712
5586
9290
9291
5586
9290
9333
5588
5715
5589
9291
9292
5589
9291
9334
5591
5718
5592
9292
5592
9292
9335
5721
5594
9293
5596
5724
5597
9293
9294
5597
9293
9336
5599
5726
5600
9294
9295
5600
9294
9337
5602
5729
5603
9295
9296
5603
9295
9338
5605
5732
5606
9296
9297
5606
9296
9339
5608
5735
5609
9297
9298
5609
9297
9340
5611
5738
5612
9298
9299
5612
9298
9341
5614
5741
5615
9299
9300
5615
9299
9342
5617
5744
5618
9300
9301
5618
9300
9343
5620
5747
5621
9301
9302
5621
9301
9344
5623
5750
5624
9302
9303
5624
9302
9345
5626
5753
5627
9303
9304
5627
9303
9346
5629
5756
5630
9304
9305
5630
9304
9347
5632
5759
5633
9305
9306
5633
9305
9348
5635
5762
5636
9306
9307
5636
9306
9349
5638
5765
5639
9307
9308
5639
9307
9350
5641
5768
5642
9308
9309
5642
9308
9351
5644
5771
5645
9309
9310
5645
9309
9352
5647
5774
5648
9310
9311
5648
9310
9353
5650
5777
5651
9311
9312
5651
9311
9354
5653
5780
5654
9312
9313
5654
9312
9355
5656
5783
5657
9313
9314
5657
9313
9356
5659
5786
5660
9314
9315
5660
9314
9357
5662
5789
5663
9315
9316
5663
9315
9358
5665
5792
5666
9316
9317
5666
9316
9359
5668
5795
5669
9317
9318
5669
9317
9360
5671
5798
5672
9318
9319
5672
9318
9361
5674
5801
5675
9319
9320
5675
9319
9362
5677
5804
5678
9320
9321
5678
9320
9363
5680
5807
5681
9321
9322
5681
9321
9364
5683
5810
5684
9322
9323
5684
9322
9365
5686
5813
5687
9323
9324
5687
9323
9366
5689
5816
5690
9324
9325
5690
9324
9367
5692
5819
5693
9325
9326
5693
9325
9368
5695
5822
5696
9326
9327
5696
9326
9369
5698
5825
5699
9327
9328
5699
9327
9370
5701
5828
5702
9328
9329
5702
9328
9371
5704
5831
5705
9329
9330
5705
9329
9372
5707
5834
5708
9330
9331
5708
9330
9373
5710
5837
5711
9331
9332
5711
9331
9374
5713
5840
5714
9332
9333
5714
9332
9375
5716
5843
5717
9333
9334
5717
9333
9376
5719
5846
5720
9334
9335
5720
9334
9377
5722
5849
5723
9335
5723
9335
9378
5852
5725
9336
5727
5855
5728
9336
9337
5728
9336
9379
5730
5857
5731
9337
9338
5731
9337
9380
5733
5860
5734
9338
9339
5734
9338
9381
5736
5863
5737
9339
9340
5737
9339
9382
5739
5866
5740
9340
9341
5740
9340
9383
5742
5869
5743
9341
9342
5743
9341
9384
5745
5872
5746
9342
9343
5746
9342
9385
5748
5875
5749
9343
9344
5749
9343
9386
5751
5878
5752
9344
9345
5752
9344
9387
5754
5881
5755
9345
9346
5755
9345
9388
5757
5884
5758
9346
9347
5758
9346
9389
5760
5887
5761
9347
9348
5761
9347
9390
5763
5890
5764
9348
9349
5764
9348
9391
5766
5893
5767
9349
9350
5767
9349
9392
5769
5896
5770
9350
9351
5770
9350
9393
5772
5899
5773
9351
9352
5773
9351
9394
5775
5902
5776
9352
9353
5776
9352
9395
5778
5905
5779
9353
9354
5779
9353
9396
5781
5908
5782
9354
9355
5782
9354
9397
5784
5911
5785
9355
9356
5785
9355
9398
5787
5914
5788
9356
9357
5788
9356
9399
5790
5917
5791
9357
9358
5791
9357
9400
5793
5920
5794
9358
9359
5794
9358
9401
5796
5923
5797
9359
9360
5797
9359
9402
5799
5926
5800
9360
9361
5800
9360
9403
5802
5929
5803
9361
9362
5803
9361
9404
5805
5932
5806
9362
9363
5806
9362
9405
5808
5935
5809
9363
9364
5809
9363
9406
5811
5938
5812
9364
9365
5812
9364
9407
5814
5941
5815
9365
9366
5815
9365
9408
5817
5944
5818
9366
9367
5818
9366
9409
5820
5947
5821
9367
9368
5821
9367
9410
5823
5950
5824
9368
9369
5824
9368
9411
5826
5953
5827
9369
9370
5827
9369
9412
5829
5956
5830
9370
9371
5830
9370
9413
5832
5959
5833
9371
9372
5833
9371
9414
5835
5962
5836
9372
9373
5836
9372
9415
5838
5965
5839
9373
9374
5839
9373
9416
5841
5968
5842
9374
9375
5842
9374
9417
5844
5971
5845
9375
9376
5845
9375
9418
5847
5974
5848
9376
9377
5848
9376
9419
5850
5977
5851
9377
9378
5851
9377
9420
5853
5980
5854
9378
5854
9378
9421
5983
5856
9379
5858
5986
5859
9379
9380
5859
9379
9422
5861
5988
5862
9380
9381
5862
9380
9423
5864
5991
5865
9381
9382
5865
9381
9424
5867
5994
5868
9382
9383
5868
9382
9425
5870
5997
5871
9383
9384
5871
9383
9426
5873
6000
5874
9384
9385
5874
9384
9427
5876
6003
5877
9385
9386
5877
9385
9428
5879
6006
5880
9386
9387
5880
9386
9429
5882
6009
5883
9387
9388
5883
9387
9430
5885
6012
5886
9388
9389
5886
9388
9431
5888
6015
5889
9389
9390
5889
9389
9432
5891
6018
5892
9390
9391
5892
9390
9433
5894
6021
5895
9391
9392
5895
9391
9434
5897
6024
5898
9392
9393
5898
9392
9435
5900
6027
5901
9393
9394
5901
9393
9436
5903
6030
5904
9394
9395
5904
9394
9437
5906
6033
5907
9395
9396
5907
9395
9438
5909
6036
5910
9396
9397
5910
9396
9439
5912
6039
5913
9397
9398
5913
9397
9440
5915
6042
5916
9398
9399
5916
9398
9441
5918
6045
5919
9399
9400
5919
9399
9442
5921
6048
5922
9400
9401
5922
9400
9443
5924
6051
5925
9401
9402
5925
9401
9444
5927
6054
5928
9402
9403
5928
9402
9445
5930
6057
5931
9403
9404
5931
9403
9446
5933
6060
5934
9404
9405
5934
9404
9447
5936
6063
5937
9405
9406
5937
9405
9448
5939
6066
5940
9406
9407
5940
9406
9449
5942
6069
5943
9407
9408
5943
9407
9450
5945
6072
5946
9408
9409
5946
9408
9451
5948
6075
5949
9409
9410
5949
9409
9452
5951
6078
5952
9410
9411
5952
9410
9453
5954
6081
5955
9411
9412
5955
9411
9454
5957
6084
5958
9412
9413
5958
9412
9455
5960
6087
5961
9413
9414
5961
9413
9456
5963
6090
5964
9414
9415
5964
9414
9457
5966
6093
5967
9415
9416
5967
9415
9458
5969
6096
5970
9416
9417
5970
9416
9459
5972
6099
5973
9417
9418
5973
9417
9460
5975
6102
5976
9418
9419
5976
9418
9461
5978
6105
5979
9419
9420
5979
9419
9462
5981
6108
5982
9420
9421
5982
9420
9463
5984
6111
5985
9421
5985
9421
9464
6114
5987
9422
5989
6117
5990
9422
9423
5990
9422
9465
5992
6119
5993
9423
9424
5993
9423
9466
5995
6122
5996
9424
9425
5996
9424
9467
5998
6125
5999
9425
9426
5999
9425
9468
6001
6128
6002
9426
9427
6002
9426
9469
6004
6131
6005
9427
9428
6005
9427
9470
6007
6134
6008
9428
9429
6008
9428
9471
6010
6137
6011
9429
9430
6011
9429
9472
6013
6140
6014
9430
9431
6014
9430
9473
6016
6143
6017
9431
9432
6017
9431
9474
6019
6146
6020
9432
9433
6020
9432
9475
6022
6149
6023
9433
9434
6023
9433
9476
6025
6152
6026
9434
9435
6026
9434
9477
6028
6155
6029
9435
9436
6029
9435
9478
6031
6158
6032
9436
9437
6032
9436
9479
6034
6161
6035
9437
9438
6035
9437
9480
6037
6164
6038
9438
9439
6038
9438
9481
6040
6167
6041
9439
9440
6041
9439
9482
6043
6170
6044
9440
9441
6044
9440
9483
6046
6173
6047
9441
9442
6047
9441
9484
6049
6176
6050
9442
9443
6050
9442
9485
6052
6179
6053
9443
9444
6053
9443
9486
6055
6182
6056
9444
9445
6056
9444
9487
6058
6185
6059
9445
9446
6059
9445
9488
6061
6188
6062
9446
9447
6062
9446
9489
6064
6191
6065
9447
9448
6065
9447
9490
6067
6194
6068
9448
9449
6068
9448
9491
6070
6197
6071
9449
9450
6071
9449
9492
6073
6200
6074
9450
9451
6074
9450
9493
6076
6203
6077
9451
9452
6077
9451
9494
6079
6206
6080
9452
9453
6080
9452
9495
6082
6209
6083
9453
9454
6083
9453
9496
6085
6212
6086
9454
9455
6086
9454
9497
6088
6215
6089
9455
9456
6089
9455
9498
6091
6218
6092
9456
9457
6092
9456
9499
6094
6221
6095
9457
9458
6095
9457
9500
6097
6224
6098
9458
9459
6098
9458
9501
6100
6227
6101
9459
9460
6101
9459
9502
6103
6230
6104
9460
9461
6104
9460
9503
6106
6233
6107
9461
9462
6107
9461
9504
6109
6236
6110
9462
9463
6110
9462
9505
6112
6239
6113
9463
9464
6113
9463
9506
6115
6242
6116
9464
6116
9464
9507
6245
6118
9465
6120
6248
6121
9465
9466
6121
9465
9508
6123
6250
6124
9466
9467
6124
9466
9509
6126
6253
6127
9467
9468
6127
9467
9510
6129
6256
6130
9468
9469
6130
9468
9511
6132
6259
6133
9469
9470
6133
9469
9512
6135
6262
6136
9470
9471
6136
9470
9513
6138
6265
6139
9471
9472
6139
9471
9514
6141
6268
6142
9472
9473
6142
9472
9515
6144
6271
6145
9473
9474
6145
9473
9516
6147
6274
6148
9474
9475
6148
9474
9517
6150
6277
6151
9475
9476
6151
9475
9518
6153
6280
6154
9476
9477
6154
9476
9519
6156
6283
6157
9477
9478
6157
9477
9520
6159
6286
6160
9478
9479
6160
9478
9521
6162
6289
6163
9479
9480
6163
9479
9522
6165
6292
6166
9480
9481
6166
9480
9523
6168
6295
6169
9481
9482
6169
9481
9524
6171
6298
6172
9482
9483
6172
9482
9525
6174
6301
6175
9483
9484
6175
9483
9526
6177
6304
6178
9484
9485
6178
9484
9527
6180
6307
6181
9485
9486
6181
9485
9528
6183
6310
6184
9486
9487
6184
9486
9529
6186
6313
6187
9487
9488
6187
9487
9530
6189
6316
6190
9488
9489
6190
9488
9531
6192
6319
6193
9489
9490
6193
9489
9532
6195
6322
6196
9490
9491
6196
9490
9533
6198
6325
6199
9491
9492
6199
9491
9534
6201
6328
6202
9492
9493
6202
9492
9535
6204
6331
6205
9493
9494
6205
9493
9536
6207
6334
6208
9494
9495
6208
9494
9537
6210
6337
6211
9495
9496
6211
9495
9538
6213
6340
6214
9496
9497
6214
9496
9539
6216
6343
6217
9497
9498
6217
9497
9540
6219
6346
6220
9498
9499
6220
9498
9541
6222
6349
6223
9499
9500
6223
9499
9542
6225
6352
6226
9500
9501
6226
9500
9543
6228
6355
6229
9501
9502
6229
9501
9544
6231
6358
6232
9502
9503
6232
9502
9545
6234
6361
6235
9503
9504
6235
9503
9546
6237
6364
6238
9504
9505
6238
9504
9547
6240
6367
6241
9505
9506
6241
9505
9548
6243
6370
6244
9506
9507
6244
9506
9549
6246
6373
6247
9507
6247
9507
9550
6376
6249
9508
6251
6379
6252
9508
9509
6252
9508
9551
6254
6381
6255
9509
9510
6255
9509
9552
6257
6384
6258
9510
9511
6258
9510
9553
6260
6387
6261
9511
9512
6261
9511
9554
6263
6390
6264
9512
9513
6264
9512
9555
6266
6393
6267
9513
9514
6267
9513
9556
6269
6396
6270
9514
9515
6270
9514
9557
6272
6399
6273
9515
9516
6273
9515
9558
6275
6402
6276
9516
9517
6276
9516
9559
6278
6405
6279
9517
9518
6279
9517
9560
6281
6408
6282
9518
9519
6282
9518
9561
6284
6411
6285
9519
9520
6285
9519
9562
6287
6414
6288
9520
9521
6288
9520
9563
6290
6417
6291
9521
9522
6291
9521
9564
6293
6420
6294
9522
9523
6294
9522
9565
6296
6423
6297
9523
9524
6297
9523
9566
6299
6426
6300
9524
9525
6300
9524
9567
6302
6429
6303
9525
9526
6303
9525
9568
6305
6432
6306
9526
9527
6306
9526
9569
6308
6435
6309
9527
9528
6309
9527
9570
6311
6438
6312
9528
9529
6312
9528
9571
6314
6441
6315
9529
9530
6315
9529
9572
6317
6444
6318
9530
9531
6318
9530
9573
6320
6447
6321
9531
9532
6321
9531
9574
6323
6450
6324
9532
9533
6324
9532
9575
6326
6453
6327
9533
9534
6327
9533
9576
6329
6456
6330
9534
9535
6330
9534
9577
6332
6459
6333
9535
9536
6333
9535
9578
6335
6462
6336
9536
9537
6336
9536
9579
6338
6465
6339
9537
9538
6339
9537
9580
6341
6468
6342
9538
9539
6342
9538
9581
6344
6471
6345
9539
9540
6345
9539
9582
6347
6474
6348
9540
9541
6348
9540
9583
6350
6477
6351
9541
9542
6351
9541
9584
6353
6480
6354
9542
9543
6354
9542
9585
6356
6483
6357
9543
9544
6357
9543
9586
6359
6486
6360
9544
9545
6360
9544
9587
6362
6489
6363
9545
9546
6363
9545
9588
6365
6492
6366
9546
9547
6366
9546
9589
6368
6495
6369
9547
9548
6369
9547
9590
6371
6498
6372
9548
9549
6372
9548
9591
6374
6501
6375
9549
9550
6375
9549
9592
6377
6504
6378
9550
6378
9550
9593
6507
6380
9551
6382
6510
6383
9551
9552
6383
9551
9594
6385
6512
6386
9552
9553
6386
9552
9595
6388
6515
6389
9553
9554
6389
9553
9596
6391
6518
6392
9554
9555
6392
9554
9597
6394
6521
6395
9555
9556
6395
9555
9598
6397
6524
6398
9556
9557
6398
9556
9599
6400
6527
6401
9557
9558
6401
9557
9600
6403
6530
6404
9558
9559
6404
9558
9601
6406
6533
6407
9559
9560
6407
9559
9602
6409
6536
6410
9560
9561
6410
9560
9603
6412
6539
6413
9561
9562
6413
9561
9604
6415
6542
6416
9562
9563
6416
9562
9605
6418
6545
6419
9563
9564
6419
9563
9606
6421
6548
6422
9564
9565
6422
9564
9607
6424
6551
6425
9565
9566
6425
9565
9608
6427
6554
6428
9566
9567
6428
9566
9609
6430
6557
6431
9567
9568
6431
9567
9610
6433
6560
6434
9568
9569
6434
9568
9611
6436
6563
6437
9569
9570
6437
9569
9612
6439
6566
6440
9570
9571
6440
9570
9613
6442
6569
6443
9571
9572
6443
9571
9614
6445
6572
6446
9572
9573
6446
9572
9615
6448
6575
6449
9573
9574
6449
9573
9616
6451
6578
6452
9574
9575
6452
9574
9617
6454
6581
6455
9575
9576
6455
9575
9618
6457
6584
6458
9576
9577
6458
9576
9619
6460
6587
6461
9577
9578
6461
9577
9620
6463
6590
6464
9578
9579
6464
9578
9621
6466
6593
6467
9579
9580
6467
9579
9622
6469
6596
6470
9580
9581
6470
9580
9623
6472
6599
6473
9581
9582
6473
9581
9624
6475
6602
6476
9582
9583
6476
9582
9625
6478
6605
6479
9583
9584
6479
9583
9626
6481
6608
6482
9584
9585
6482
9584
9627
6484
6611
6485
9585
9586
6485
9585
9628
6487
6614
6488
9586
9587
6488
9586
9629
6490
6617
6491
9587
9588
6491
9587
9630
6493
6620
6494
9588
9589
6494
9588
9631
6496
6623
6497
9589
9590
6497
9589
9632
6499
6626
6500
9590
9591
6500
9590
9633
6502
6629
6503
9591
9592
6503
9591
9634
6505
6632
6506
9592
9593
6506
9592
9635
6508
6635
6509
9593
6509
9593
9636
6638
6511
9594
6513
6641
6514
9594
9595
6514
9594
9637
6516
6643
6517
9595
9596
6517
9595
9638
6519
6646
6520
9596
9597
6520
9596
9639
6522
6649
6523
9597
9598
6523
9597
9640
6525
6652
6526
9598
9599
6526
9598
9641
6528
6655
6529
9599
9600
6529
9599
9642
6531
6658
6532
9600
9601
6532
9600
9643
6534
6661
6535
9601
9602
6535
9601
9644
6537
6664
6538
9602
9603
6538
9602
9645
6540
6667
6541
9603
9604
6541
9603
9646
6543
6670
6544
9604
9605
6544
9604
9647
6546
6673
6547
9605
9606
6547
9605
9648
6549
6676
6550
9606
9607
6550
9606
9649
6552
6679
6553
9607
9608
6553
9607
9650
6555
6682
6556
9608
9609
6556
9608
9651
6558
6685
6559
9609
9610
6559
9609
9652
6561
6688
6562
9610
9611
6562
9610
9653
6564
6691
6565
9611
9612
6565
9611
9654
6567
6694
6568
9612
9613
6568
9612
9655
6570
6697
6571
9613
9614
6571
9613
9656
6573
6700
6574
9614
9615
6574
9614
9657
6576
6703
6577
9615
9616
6577
9615
9658
6579
6706
6580
9616
9617
6580
9616
9659
6582
6709
6583
9617
9618
6583
9617
9660
6585
6712
6586
9618
9619
6586
9618
9661
6588
6715
6589
9619
9620
6589
9619
9662
6591
6718
6592
9620
9621
6592
9620
9663
6594
6721
6595
9621
9622
6595
9621
9664
6597
6724
6598
9622
9623
6598
9622
9665
6600
6727
6601
9623
9624
6601
9623
9666
6603
6730
6604
9624
9625
6604
9624
9667
6606
6733
6607
9625
9626
6607
9625
9668
6609
6736
6610
9626
9627
6610
9626
9669
6612
6739
6613
9627
9628
6613
9627
9670
6615
6742
6616
9628
9629
6616
9628
9671
6618
6745
6619
9629
9630
6619
9629
9672
6621
6748
6622
9630
9631
6622
9630
9673
6624
6751
6625
9631
9632
6625
9631
9674
6627
6754
6628
9632
9633
6628
9632
9675
6630
6757
6631
9633
9634
6631
9633
9676
6633
6760
6634
9634
9635
6634
9634
9677
6636
6763
6637
9635
9636
6637
9635
9678
6639
6766
6640
9636
6640
9636
9679
6769
6642
9637
6644
6772
6645
9637
9638
6645
9637
9680
6647
6774
6648
9638
9639
6648
9638
9681
6650
6777
6651
9639
9640
6651
9639
9682
6653
6780
6654
9640
9641
6654
9640
9683
6656
6783
6657
9641
9642
6657
9641
9684
6659
6786
6660
9642
9643
6660
9642
9685
6662
6789
6663
9643
9644
6663
9643
9686
6665
6792
6666
9644
9645
6666
9644
9687
6668
6795
6669
9645
9646
6669
9645
9688
6671
6798
6672
9646
9647
6672
9646
9689
6674
6801
6675
9647
9648
6675
9647
9690
6677
6804
6678
9648
9649
6678
9648
9691
6680
6807
6681
9649
9650
6681
9649
9692
6683
6810
6684
9650
9651
6684
9650
9693
6686
6813
6687
9651
9652
6687
9651
9694
6689
6816
6690
9652
9653
6690
9652
9695
6692
6819
6693
9653
9654
6693
9653
9696
6695
6822
6696
9654
9655
6696
9654
9697
6698
6825
6699
9655
9656
6699
9655
9698
6701
6828
6702
9656
9657
6702
9656
9699
6704
6831
6705
9657
9658
6705
9657
9700
6707
6834
6708
9658
9659
6708
9658
9701
6710
6837
6711
9659
9660
6711
9659
9702
6713
6840
6714
9660
9661
6714
9660
9703
6716
6843
6717
9661
9662
6717
9661
9704
6719
6846
6720
9662
9663
6720
9662
9705
6722
6849
6723
9663
9664
6723
9663
9706
6725
6852
6726
9664
9665
6726
9664
9707
6728
6855
6729
9665
9666
6729
9665
9708
6731
6858
6732
9666
9667
6732
9666
9709
6734
6861
6735
9667
9668
6735
9667
9710
6737
6864
6738
9668
9669
6738
9668
9711
6740
6867
6741
9669
9670
6741
9669
9712
6743
6870
6744
9670
9671
6744
9670
9713
6746
6873
6747
9671
9672
6747
9671
9714
6749
6876
6750
9672
9673
6750
9672
9715
6752
6879
6753
9673
9674
6753
9673
9716
6755
6882
6756
9674
9675
6756
9674
9717
6758
6885
6759
9675
9676
6759
9675
9718
6761
6888
6762
9676
9677
6762
9676
9719
6764
6891
6765
9677
9678
6765
9677
9720
6767
6894
6768
9678
9679
6768
9678
9721
6770
6897
6771
9679
6771
9679
9722
6900
6773
9680
6775
6903
6776
9680
9681
6776
9680
9723
6778
6905
6779
9681
9682
6779
9681
9724
6781
6908
6782
9682
9683
6782
9682
9725
6784
6911
6785
9683
9684
6785
9683
9726
6787
6914
6788
9684
9685
6788
9684
9727
6790
6917
6791
9685
9686
6791
9685
9728
6793
6920
6794
9686
9687
6794
9686
9729
6796
6923
6797
9687
9688
6797
9687
9730
6799
6926
6800
9688
9689
6800
9688
9731
6802
6929
6803
9689
9690
6803
9689
9732
6805
6932
6806
9690
9691
6806
9690
9733
6808
6935
6809
9691
9692
6809
9691
9734
6811
6938
6812
9692
9693
6812
9692
9735
6814
6941
6815
9693
9694
6815
9693
9736
6817
6944
6818
9694
9695
6818
9694
9737
6820
6947
6821
9695
9696
6821
9695
9738
6823
6950
6824
9696
9697
6824
9696
9739
6826
6953
6827
9697
9698
6827
9697
9740
6829
6956
6830
9698
9699
6830
9698
9741
6832
6959
6833
9699
9700
6833
9699
9742
6835
6962
6836
9700
9701
6836
9700
9743
6838
6965
6839
9701
9702
6839
9701
9744
6841
6968
6842
9702
9703
6842
9702
9745
6844
6971
6845
9703
9704
6845
9703
9746
6847
6974
6848
9704
9705
6848
9704
9747
6850
6977
6851
9705
9706
6851
9705
9748
6853
6980
6854
9706
9707
6854
9706
9749
6856
6983
6857
9707
9708
6857
9707
9750
6859
6986
6860
9708
9709
6860
9708
9751
6862
6989
6863
9709
9710
6863
9709
9752
6865
6992
6866
9710
9711
6866
9710
9753
6868
6995
6869
9711
9712
6869
9711
9754
6871
6998
6872
9712
9713
6872
9712
9755
6874
7001
6875
9713
9714
6875
9713
9756
6877
7004
6878
9714
9715
6878
9714
9757
6880
7007
6881
9715
9716
6881
9715
9758
6883
7010
6884
9716
9717
6884
9716
9759
6886
7013
6887
9717
9718
6887
9717
9760
6889
7016
6890
9718
9719
6890
9718
9761
6892
7019
6893
9719
9720
6893
9719
9762
6895
7022
6896
9720
9721
6896
9720
9763
6898
7025
6899
9721
9722
6899
9721
9764
6901
7028
6902
9722
6902
9722
9765
7031
6904
9723
6906
7034
6907
9723
9724
6907
9723
9766
6909
7036
6910
9724
9725
6910
9724
9767
6912
7039
6913
9725
9726
6913
9725
9768
6915
7042
6916
9726
9727
6916
9726
9769
6918
7045
6919
9727
9728
6919
9727
9770
6921
7048
6922
9728
9729
6922
9728
9771
6924
7051
6925
9729
9730
6925
9729
9772
6927
7054
6928
9730
9731
6928
9730
9773
6930
7057
6931
9731
9732
6931
9731
9774
6933
7060
6934
9732
9733
6934
9732
9775
6936
7063
6937
9733
9734
6937
9733
9776
6939
7066
6940
9734
9735
6940
9734
9777
6942
7069
6943
9735
9736
6943
9735
9778
6945
7072
6946
9736
9737
6946
9736
9779
6948
7075
6949
9737
9738
6949
9737
9780
6951
7078
6952
9738
9739
6952
9738
9781
6954
7081
6955
9739
9740
6955
9739
9782
6957
7084
6958
9740
9741
6958
9740
9783
6960
7087
6961
9741
9742
6961
9741
9784
6963
7090
6964
9742
9743
6964
9742
9785
6966
7093
6967
9743
9744
6967
9743
9786
6969
7096
6970
9744
9745
6970
9744
9787
6972
7099
6973
9745
9746
6973
9745
9788
6975
7102
6976
9746
9747
6976
9746
9789
6978
7105
6979
9747
9748
6979
9747
9790
6981
7108
6982
9748
9749
6982
9748
9791
6984
7111
6985
9749
9750
6985
9749
9792
6987
7114
6988
9750
9751
6988
9750
9793
6990
7117
6991
9751
9752
6991
9751
9794
6993
7120
6994
9752
9753
6994
9752
9795
6996
7123
6997
9753
9754
6997
9753
9796
6999
7126
7000
9754
9755
7000
9754
9797
7002
7129
7003
9755
9756
7003
9755
9798
7005
7132
7006
9756
9757
7006
9756
9799
7008
7135
7009
9757
9758
7009
9757
9800
7011
7138
7012
9758
9759
7012
9758
9801
7014
7141
7015
9759
9760
7015
9759
9802
7017
7144
7018
9760
9761
7018
9760
9803
7020
7147
7021
9761
9762
7021
9761
9804
7023
7150
7024
9762
9763
7024
9762
9805
7026
7153
7027
9763
9764
7027
9763
9806
7029
7156
7030
9764
9765
7030
9764
9807
7032
7159
7033
9765
7033
9765
9808
7162
7035
9766
7037
7165
7038
9766
9767
7038
9766
9809
7040
7167
7041
9767
9768
7041
9767
9810
7043
7170
7044
9768
9769
7044
9768
9811
7046
7173
7047
9769
9770
7047
9769
9812
7049
7176
7050
9770
9771
7050
9770
9813
7052
7179
7053
9771
9772
7053
9771
9814
7055
7182
7056
9772
9773
7056
9772
9815
7058
7185
7059
9773
9774
7059
9773
9816
7061
7188
7062
9774
9775
7062
9774
9817
7064
7191
7065
9775
9776
7065
9775
9818
7067
7194
7068
9776
9777
7068
9776
9819
7070
7197
7071
9777
9778
7071
9777
9820
7073
7200
7074
9778
9779
7074
9778
9821
7076
7203
7077
9779
9780
7077
9779
9822
7079
7206
7080
9780
9781
7080
9780
9823
7082
7209
7083
9781
9782
7083
9781
9824
7085
7212
7086
9782
9783
7086
9782
9825
7088
7215
7089
9783
9784
7089
9783
9826
7091
7218
7092
9784
9785
7092
9784
9827
7094
7221
7095
9785
9786
7095
9785
9828
7097
7224
7098
9786
9787
7098
9786
9829
7100
7227
7101
9787
9788
7101
9787
9830
7103
7230
7104
9788
9789
7104
9788
9831
7106
7233
7107
9789
9790
7107
9789
9832
7109
7236
7110
9790
9791
7110
9790
9833
7112
7239
7113
9791
9792
7113
9791
9834
7115
7242
7116
9792
9793
7116
9792
9835
7118
7245
7119
9793
9794
7119
9793
9836
7121
7248
7122
9794
9795
7122
9794
9837
7124
7251
7125
9795
9796
7125
9795
9838
7127
7254
7128
9796
9797
7128
9796
9839
7130
7257
7131
9797
9798
7131
9797
9840
7133
7260
7134
9798
9799
7134
9798
9841
7136
7263
7137
9799
9800
7137
9799
9842
7139
7266
7140
9800
9801
7140
9800
9843
7142
7269
7143
9801
9802
7143
9801
9844
7145
7272
7146
9802
9803
7146
9802
9845
7148
7275
7149
9803
9804
7149
9803
9846
7151
7278
7152
9804
9805
7152
9804
9847
7154
7281
7155
9805
9806
7155
9805
9848
7157
7284
7158
9806
9807
7158
9806
9849
7160
7287
7161
9807
9808
7161
9807
9850
7163
7290
7164
9808
7164
9808
9851
7293
7166
9809
7168
7296
7169
9809
9810
7169
9809
9852
7171
7298
7172
9810
9811
7172
9810
9853
7174
7301
7175
9811
9812
7175
9811
9854
7177
7304
7178
9812
9813
7178
9812
9855
7180
7307
7181
9813
9814
7181
9813
9856
7183
7310
7184
9814
9815
7184
9814
9857
7186
7313
7187
9815
9816
7187
9815
9858
7189
7316
7190
9816
9817
7190
9816
9859
7192
7319
7193
9817
9818
7193
9817
9860
7195
7322
7196
9818
9819
7196
9818
9861
7198
7325
7199
9819
9820
7199
9819
9862
7201
7328
7202
9820
9821
7202
9820
9863
7204
7331
7205
9821
9822
7205
9821
9864
7207
7334
7208
9822
9823
7208
9822
9865
7210
7337
7211
9823
9824
7211
9823
9866
7213
7340
7214
9824
9825
7214
9824
9867
7216
7343
7217
9825
9826
7217
9825
9868
7219
7346
7220
9826
9827
7220
9826
9869
7222
7349
7223
9827
9828
7223
9827
9870
7225
7352
7226
9828
9829
7226
9828
9871
7228
7355
7229
9829
9830
7229
9829
9872
7231
7358
7232
9830
9831
7232
9830
9873
7234
7361
7235
9831
9832
7235
9831
9874
7237
7364
7238
9832
9833
7238
9832
9875
7240
7367
7241
9833
9834
7241
9833
9876
7243
7370
7244
9834
9835
7244
9834
9877
7246
7373
7247
9835
9836
7247
9835
9878
7249
7376
7250
9836
9837
7250
9836
9879
7252
7379
7253
9837
9838
7253
9837
9880
7255
7382
7256
9838
9839
7256
9838
9881
7258
7385
7259
9839
9840
7259
9839
9882
7261
7388
7262
9840
9841
7262
9840
9883
7264
7391
7265
9841
9842
7265
9841
9884
7267
7394
7268
9842
9843
7268
9842
9885
7270
7397
7271
9843
9844
7271
9843
9886
7273
7400
7274
9844
9845
7274
9844
9887
7276
7403
7277
9845
9846
7277
9845
9888
7279
7406
7280
9846
9847
7280
9846
9889
7282
7409
7283
9847
9848
7283
9847
9890
7285
7412
7286
9848
9849
7286
9848
9891
7288
7415
7289
9849
9850
7289
9849
9892
7291
7418
7292
9850
9851
7292
9850
9893
7294
7421
7295
9851
7295
9851
9894
7424
7297
9852
7299
7427
7300
9852
9853
7300
9852
9895
7302
7429
7303
9853
9854
7303
9853
9896
7305
7432
7306
9854
9855
7306
9854
9897
7308
7435
7309
9855
9856
7309
9855
9898
7311
7438
7312
9856
9857
7312
9856
9899
7314
7441
7315
9857
9858
7315
9857
9900
7317
7444
7318
9858
9859
7318
9858
9901
7320
7447
7321
9859
9860
7321
9859
9902
7323
7450
7324
9860
9861
7324
9860
9903
7326
7453
7327
9861
9862
7327
9861
9904
7329
7456
7330
9862
9863
7330
9862
9905
7332
7459
7333
9863
9864
7333
9863
9906
7335
7462
7336
9864
9865
7336
9864
9907
7338
7465
7339
9865
9866
7339
9865
9908
7341
7468
7342
9866
9867
7342
9866
9909
7344
7471
7345
9867
9868
7345
9867
9910
7347
7474
7348
9868
9869
7348
9868
9911
7350
7477
7351
9869
9870
7351
9869
9912
7353
7480
7354
9870
9871
7354
9870
9913
7356
7483
7357
9871
9872
7357
9871
9914
7359
7486
7360
9872
9873
7360
9872
9915
7362
7489
7363
9873
9874
7363
9873
9916
7365
7492
7366
9874
9875
7366
9874
9917
7368
7495
7369
9875
9876
7369
9875
9918
7371
7498
7372
9876
9877
7372
9876
9919
7374
7501
7375
9877
9878
7375
9877
9920
7377
7504
7378
9878
9879
7378
9878
9921
7380
7507
7381
9879
9880
7381
9879
9922
7383
7510
7384
9880
9881
7384
9880
9923
7386
7513
7387
9881
9882
7387
9881
9924
7389
7516
7390
9882
9883
7390
9882
9925
7392
7519
7393
9883
9884
7393
9883
9926
7395
7522
7396
9884
9885
7396
9884
9927
7398
7525
7399
9885
9886
7399
9885
9928
7401
7528
7402
9886
9887
7402
9886
9929
7404
7531
7405
9887
9888
7405
9887
9930
7407
7534
7408
9888
9889
7408
9888
9931
7410
7537
7411
9889
9890
7411
9889
9932
7413
7540
7414
9890
9891
7414
9890
9933
7416
7543
7417
9891
9892
7417
9891
9934
7419
7546
7420
9892
9893
7420
9892
9935
7422
7549
7423
9893
9894
7423
9893
9936
7425
7552
7426
9894
7426
9894
9937
7555
7428
9895
7430
7431
9895
9896
7431
9895
9938
7433
7558
7434
9896
9897
7434
9896
9939
7436
7561
7437
9897
9898
7437
9897
9940
7439
7564
7440
9898
9899
7440
9898
9941
7442
7567
7443
9899
9900
7443
9899
9942
7445
7570
7446
9900
9901
7446
9900
9943
7448
7573
7449
9901
9902
7449
9901
9944
7451
7576
7452
9902
9903
7452
9902
9945
7454
7579
7455
9903
9904
7455
9903
9946
7457
7582
7458
9904
9905
7458
9904
9947
7460
7585
7461
9905
9906
7461
9905
9948
7463
7588
7464
9906
9907
7464
9906
9949
7466
7591
7467
9907
9908
7467
9907
9950
7469
7594
7470
9908
9909
7470
9908
9951
7472
7597
7473
9909
9910
7473
9909
9952
7475
7600
7476
9910
9911
7476
9910
9953
7478
7603
7479
9911
9912
7479
9911
9954
7481
7606
7482
9912
9913
7482
9912
9955
7484
7609
7485
9913
9914
7485
9913
9956
7487
7612
7488
9914
9915
7488
9914
9957
7490
7615
7491
9915
9916
7491
9915
9958
7493
7618
7494
9916
9917
7494
9916
9959
7496
7621
7497
9917
9918
7497
9917
9960
7499
7624
7500
9918
9919
7500
9918
9961
7502
7627
7503
9919
9920
7503
9919
9962
7505
7630
7506
9920
9921
7506
9920
9963
7508
7633
7509
9921
9922
7509
9921
9964
7511
7636
7512
9922
9923
7512
9922
9965
7514
7639
7515
9923
9924
7515
9923
9966
7517
7642
7518
9924
9925
7518
9924
9967
7520
7645
7521
9925
9926
7521
9925
9968
7523
7648
7524
9926
9927
7524
9926
9969
7526
7651
7527
9927
9928
7527
9927
9970
7529
7654
7530
9928
9929
7530
9928
9971
7532
7657
7533
9929
9930
7533
9929
9972
7535
7660
7536
9930
9931
7536
9930
9973
7538
7663
7539
9931
9932
7539
9931
9974
7541
7666
7542
9932
9933
7542
9932
9975
7544
7669
7545
9933
9934
7545
9933
9976
7547
7672
7548
9934
9935
7548
9934
9977
7550
7675
7551
9935
9936
7551
9935
9978
7553
7678
7554
9936
9937
7554
9936
9979
7556
7681
7557
9937
7557
9937
9980
7684
7560
9938
9939
7560
9938
9981
7562
7687
7563
9939
9940
7563
9939
9982
7565
7690
7566
9940
9941
7566
9940
9983
7568
7693
7569
9941
9942
7569
9941
9984
7571
7696
7572
9942
9943
7572
9942
9985
7574
7699
7575
9943
9944
7575
9943
9986
7577
7702
7578
9944
9945
7578
9944
9987
7580
7705
7581
9945
9946
7581
9945
9988
7583
7708
7584
9946
9947
7584
9946
9989
7586
7711
7587
9947
9948
7587
9947
9990
7589
7714
7590
9948
9949
7590
9948
9991
7592
7717
7593
9949
9950
7593
9949
9992
7595
7720
7596
9950
9951
7596
9950
9993
7598
7723
7599
9951
9952
7599
9951
9994
7601
7726
7602
9952
9953
7602
9952
9995
7604
7729
7605
9953
9954
7605
9953
9996
7607
7732
7608
9954
9955
7608
9954
9997
7610
7735
7611
9955
9956
7611
9955
9998
7613
7738
7614
9956
9957
7614
9956
9999
7616
7741
7617
9957
9958
7617
9957
10000
7619
7744
7620
9958
9959
7620
9958
10001
7622
7747
7623
9959
9960
7623
9959
10002
7625
7750
7626
9960
9961
7626
9960
10003
7628
7753
7629
9961
9962
7629
9961
10004
7631
7756
7632
9962
9963
7632
9962
10005
7634
7759
7635
9963
9964
7635
9963
10006
7637
7762
7638
9964
9965
7638
9964
10007
7640
7765
7641
9965
9966
7641
9965
10008
7643
7768
7644
9966
9967
7644
9966
10009
7646
7771
7647
9967
9968
7647
9967
10010
7649
7774
7650
9968
9969
7650
9968
10011
7652
7777
7653
9969
9970
7653
9969
10012
7655
7780
7656
9970
9971
7656
9970
10013
7658
7783
7659
9971
9972
7659
9971
10014
7661
7786
7662
9972
9973
7662
9972
10015
7664
7789
7665
9973
9974
7665
9973
10016
7667
7792
7668
9974
9975
7668
9974
10017
7670
7795
7671
9975
9976
7671
9975
10018
7673
7798
7674
9976
9977
7674
9976
10019
7676
7801
7677
9977
9978
7677
9977
10020
7679
7804
7680
9978
9979
7680
9978
10021
7682
7807
7683
9979
9980
7683
9979
10022
7685
7810
7686
9980
7686
9980
10023
7813
7689
9981
9982
7689
9981
10024
7691
7816
7692
9982
9983
7692
9982
10025
7694
7819
7695
9983
9984
7695
9983
10026
7697
7822
7698
9984
9985
7698
9984
10027
7700
7825
7701
9985
9986
7701
9985
10028
7703
7828
7704
9986
9987
7704
9986
10029
7706
7831
7707
9987
9988
7707
9987
10030
7709
7834
7710
9988
9989
7710
9988
10031
7712
7837
7713
9989
9990
7713
9989
10032
7715
7840
7716
9990
9991
7716
9990
10033
7718
7843
7719
9991
9992
7719
9991
10034
7721
7846
7722
9992
9993
7722
9992
10035
7724
7849
7725
9993
9994
7725
9993
10036
7727
7852
7728
9994
9995
7728
9994
10037
7730
7855
7731
9995
9996
7731
9995
10038
7733
7858
7734
9996
9997
7734
9996
10039
7736
7861
7737
9997
9998
7737
9997
10040
7739
7864
7740
9998
9999
7740
9998
10041
7742
7867
7743
9999
10000
7743
9999
10042
7745
7870
7746
10000
10001
7746
10000
10043
7748
7873
7749
10001
10002
7749
10001
10044
7751
7876
7752
10002
10003
7752
10002
10045
7754
7879
7755
10003
10004
7755
10003
10046
7757
7882
7758
10004
10005
7758
10004
10047
7760
7885
7761
10005
10006
7761
10005
10048
7763
7888
7764
10006
10007
7764
10006
10049
7766
7891
7767
10007
10008
7767
10007
10050
7769
7894
7770
10008
10009
7770
10008
10051
7772
7897
7773
10009
10010
7773
10009
10052
7775
7900
7776
10010
10011
7776
10010
10053
7778
7903
7779
10011
10012
7779
10011
10054
7781
7906
7782
10012
10013
7782
10012
10055
7784
7909
7785
10013
10014
7785
10013
10056
7787
7912
7788
10014
10015
7788
10014
10057
7790
7915
7791
10015
10016
7791
10015
10058
7793
7918
7794
10016
10017
7794
10016
10059
7796
7921
7797
10017
10018
7797
10017
10060
7799
7924
7800
10018
10019
7800
10018
10061
7802
7927
7803
10019
10020
7803
10019
10062
7805
7930
7806
10020
10021
7806
10020
10063
7808
7933
7809
10021
10022
7809
10021
10064
7811
7936
7812
10022
10023
7812
10022
10065
7814
7939
7815
10023
7815
10023
10066
7942
7818
10024
10025
7818
10024
10067
7820
8086
7821
10025
10026
7821
10025
10068
7823
8089
7824
10026
10027
7824
10026
10069
7826
8092
7827
10027
10028
7827
10027
10070
7829
8095
7830
10028
10029
7830
10028
10071
7832
8098
7833
10029
10030
7833
10029
10072
7835
8101
7836
10030
10031
7836
10030
10073
7838
8104
7839
10031
10032
7839
10031
10074
7841
8107
7842
10032
10033
7842
10032
10075
7844
8110
7845
10033
10034
7845
10033
10076
7847
8113
7848
10034
10035
7848
10034
10077
7850
8116
7851
10035
10036
7851
10035
10078
7853
8119
7854
10036
10037
7854
10036
10079
7856
8122
7857
10037
10038
7857
10037
10080
7859
8125
7860
10038
10039
7860
10038
10081
7862
8128
7863
10039
10040
7863
10039
10082
7865
8131
7866
10040
10041
7866
10040
10083
7868
8134
7869
10041
10042
7869
10041
10084
7871
8137
7872
10042
10043
7872
10042
10085
7874
8140
7875
10043
10044
7875
10043
10086
7877
8143
7878
10044
10045
7878
10044
10087
7880
8146
7881
10045
10046
7881
10045
10088
7883
8149
7884
10046
10047
7884
10046
10089
7886
8152
7887
10047
10048
7887
10047
10090
7889
8155
7890
10048
10049
7890
10048
10091
7892
8158
7893
10049
10050
7893
10049
10092
7895
8161
7896
10050
10051
7896
10050
10093
7898
8164
7899
10051
10052
7899
10051
10094
7901
8167
7902
10052
10053
7902
10052
10095
7904
8170
7905
10053
10054
7905
10053
10096
7907
8173
7908
10054
10055
7908
10054
10097
7910
8176
7911
10055
10056
7911
10055
10098
7913
8179
7914
10056
10057
7914
10056
10099
7916
8182
7917
10057
10058
7917
10057
10100
7919
8185
7920
10058
10059
7920
10058
10101
7922
8188
7923
10059
10060
7923
10059
10102
7925
8191
7926
10060
10061
7926
10060
10103
7928
8194
7929
10061
10062
7929
10061
10104
7931
8197
7932
10062
10063
7932
10062
10105
7934
8200
7935
10063
10064
7935
10063
10106
7937
8203
7938
10064
10065
7938
10064
10107
7940
8206
7941
10065
10066
7941
10065
10108
7943
8209
7944
10066
7944
10066
10109
8212
7947
8215
8216
7947
8215
8262
7949
7950
8216
8217
7950
8216
8263
7952
7953
8217
8218
7953
8217
8264
7955
7956
8218
8219
7956
8218
8265
7958
7959
8219
8220
7959
8219
8266
7961
7962
8220
8221
7962
8220
8267
7964
7965
8221
8222
7965
8221
8268
7967
7968
8222
8223
7968
8222
8269
7970
7971
8223
8224
7971
8223
8270
7973
7974
8224
8225
7974
8224
8271
7976
7977
8225
8226
7977
8225
8272
7979
7980
8226
8227
7980
8226
8273
7982
7983
8227
8228
7983
8227
8274
7985
7986
8228
8229
7986
8228
8275
7988
7989
8229
8230
7989
8229
8276
7991
7992
8230
8231
7992
8230
8277
7994
7995
8231
8232
7995
8231
8278
7997
7998
8232
8233
7998
8232
8279
8000
8001
8233
8234
8001
8233
8280
8003
8004
8234
8235
8004
8234
8281
8006
8007
8235
8236
8007
8235
8282
8009
8010
8236
8237
8010
8236
8283
8012
8013
8237
8238
8013
8237
8284
8015
8016
8238
8239
8016
8238
8285
8018
8019
8239
8240
8019
8239
8286
8021
8022
8240
8241
8022
8240
8287
8024
8025
8241
8242
8025
8241
8288
8027
8028
8242
8243
8028
8242
8289
8030
8031
8243
8244
8031
8243
8290
8033
8034
8244
8245
8034
8244
8291
8036
8037
8245
8246
8037
8245
8292
8039
8040
8246
8247
8040
8246
8293
8042
8043
8247
8248
8043
8247
8294
8045
8046
8248
8249
8046
8248
8295
8048
8049
8249
8250
8049
8249
8296
8051
8052
8250
8251
8052
8250
8297
8054
8055
8251
8252
8055
8251
8298
8057
8058
8252
8253
8058
8252
8299
8060
8061
8253
8254
8061
8253
8300
8063
8064
8254
8255
8064
8254
8301
8066
8067
8255
8256
8067
8255
8302
8069
8070
8256
8257
8070
8256
8303
8072
8073
8257
8258
8073
8257
8304
8075
8076
8258
8259
8076
8258
8305
8078
8079
8259
8260
8079
8259
8306
8081
8082
8260
8261
8082
8260
8307
8084
8085
8261
8085
8261
8308
8088
10067
10068
8088
10067
8090
8091
10068
10069
8091
10068
8093
8094
10069
10070
8094
10069
8096
8097
10070
10071
8097
10070
8099
8100
10071
10072
8100
10071
8102
8103
10072
10073
8103
10072
8105
8106
10073
10074
8106
10073
8108
8109
10074
10075
8109
10074
8111
8112
10075
10076
8112
10075
8114
8115
10076
10077
8115
10076
8117
8118
10077
10078
8118
10077
8120
8121
10078
10079
8121
10078
8123
8124
10079
10080
8124
10079
8126
8127
10080
10081
8127
10080
8129
8130
10081
10082
8130
10081
8132
8133
10082
10083
8133
10082
8135
8136
10083
10084
8136
10083
8138
8139
10084
10085
8139
10084
8141
8142
10085
10086
8142
10085
8144
8145
10086
10087
8145
10086
8147
8148
10087
10088
8148
10087
8150
8151
10088
10089
8151
10088
8153
8154
10089
10090
8154
10089
8156
8157
10090
10091
8157
10090
8159
8160
10091
10092
8160
10091
8162
8163
10092
10093
8163
10092
8165
8166
10093
10094
8166
10093
8168
8169
10094
10095
8169
10094
8171
8172
10095
10096
8172
10095
8174
8175
10096
10097
8175
10096
8177
8178
10097
10098
8178
10097
8180
8181
10098
10099
8181
10098
8183
8184
10099
10100
8184
10099
8186
8187
10100
10101
8187
10100
8189
8190
10101
10102
8190
10101
8192
8193
10102
10103
8193
10102
8195
8196
10103
10104
8196
10103
8198
8199
10104
10105
8199
10104
8201
8202
10105
10106
8202
10105
8204
8205
10106
10107
8205
10106
8207
8208
10107
10108
8208
10107
8210
8211
10108
10109
8211
10108
8213
8214
10109
8214
10109
)


// ************************************************************************* //
