/*--------------------------------*- C++ -*----------------------------------*\
| =========                 |                                                 |
| \\      /  F ield         | OpenFOAM: The Open Source CFD Toolbox           |
|  \\    /   O peration     | Version:  2012                                  |
|   \\  /    A nd           | Website:  www.openfoam.com                      |
|    \\/     M anipulation  |                                                 |
\*---------------------------------------------------------------------------*/
FoamFile
{
    version     2.0;
    format      ascii;
    class       labelList;
    note        "nPoints:20660  nCells:10079  nFaces:40566  nInternalFaces:19996";
    location    "constant/polyMesh";
    object      neighbour;
}
// * * * * * * * * * * * * * * * * * * * * * * * * * * * * * * * * * * * * * //


19996
(
1
45
2
46
3
47
4
48
5
49
6
50
7
51
8
52
9
53
10
54
11
55
12
56
13
57
14
58
15
59
16
60
17
61
18
62
19
63
20
64
21
65
22
66
23
67
24
68
25
69
26
70
27
71
28
72
29
73
30
74
31
75
32
76
33
77
34
78
35
79
36
80
37
81
38
82
39
83
40
84
41
85
42
86
43
87
44
88
89
46
91
47
92
48
93
49
94
50
95
51
96
52
97
53
98
54
99
55
100
56
101
57
102
58
103
59
104
60
105
61
106
62
107
63
108
64
109
65
110
66
111
67
112
68
113
69
114
70
115
71
116
72
117
73
118
74
119
75
120
76
121
77
122
78
123
79
124
80
125
81
126
82
127
83
128
84
129
85
130
86
131
87
132
88
133
89
134
135
91
136
92
137
93
138
94
139
95
140
96
141
97
142
98
143
99
144
100
145
101
146
102
147
103
148
104
149
105
150
106
151
107
152
108
153
109
154
110
155
111
156
112
157
113
158
114
159
115
160
116
161
117
162
118
163
119
164
120
165
121
166
122
167
123
168
124
169
125
170
126
171
127
172
128
173
129
174
130
175
131
176
132
177
133
178
134
179
135
180
181
137
182
138
183
139
184
140
185
141
186
142
187
143
188
144
189
145
190
146
191
147
192
148
193
149
194
150
195
151
196
152
197
153
198
154
199
155
200
156
201
157
202
158
203
159
204
160
205
161
206
162
207
163
208
164
209
165
210
166
211
167
212
168
213
169
214
170
215
171
216
172
217
173
218
174
219
175
220
176
221
177
222
178
223
179
224
180
225
181
226
227
183
228
184
229
185
230
186
231
187
232
188
233
189
234
190
235
191
236
192
237
193
238
194
239
195
240
196
241
197
242
198
243
199
244
200
245
201
246
202
247
203
248
204
249
205
250
206
251
207
252
208
253
209
254
210
255
211
256
212
257
213
258
214
259
215
260
216
261
217
262
218
263
219
264
220
265
221
266
222
267
223
268
224
269
225
270
226
271
227
272
273
229
274
230
275
231
276
232
277
233
278
234
279
235
280
236
281
237
282
238
283
239
284
240
285
241
286
242
287
243
288
244
289
245
290
246
291
247
292
248
293
249
294
250
295
251
296
252
297
253
298
254
299
255
300
256
301
257
302
258
303
259
304
260
305
261
306
262
307
263
308
264
309
265
310
266
311
267
312
268
313
269
314
270
315
271
316
272
317
273
318
275
319
276
320
277
321
278
322
279
323
280
324
281
325
282
326
283
327
284
328
285
329
286
330
287
331
288
332
289
333
290
334
291
335
292
336
293
337
294
338
295
339
296
340
297
341
298
342
299
343
300
344
301
345
302
346
303
347
304
348
305
349
306
350
307
351
308
352
309
353
310
354
311
355
312
356
313
357
314
358
315
359
316
360
317
361
318
362
363
320
364
321
365
322
366
323
367
324
368
325
369
326
370
327
371
328
372
329
373
330
374
331
375
332
376
333
377
334
378
335
379
336
380
337
381
338
382
339
383
340
384
341
385
342
386
343
387
344
388
345
389
346
390
347
391
348
392
349
393
350
394
351
395
352
396
353
397
354
398
355
399
356
400
357
401
358
402
359
403
360
404
361
405
362
406
363
407
408
365
409
366
410
367
411
368
412
369
413
370
414
371
415
372
416
373
417
374
418
375
419
376
420
377
421
378
422
379
423
380
424
381
425
382
426
383
427
384
428
385
429
386
430
387
431
388
432
389
433
390
434
391
435
392
436
393
437
394
438
395
439
396
440
397
441
398
442
399
443
400
444
401
445
402
446
403
447
404
448
405
449
406
450
407
451
408
452
453
410
454
411
455
412
456
413
457
414
458
415
459
416
460
417
461
418
462
419
463
420
464
421
465
422
466
423
467
424
468
425
469
426
470
427
471
428
472
429
473
430
474
431
475
432
476
433
477
434
478
435
479
436
480
437
481
438
482
439
483
440
484
441
485
442
486
443
487
444
488
445
489
446
490
447
491
448
492
449
493
450
494
451
495
452
496
453
497
498
455
499
456
500
457
501
458
502
459
503
460
504
461
505
462
506
463
507
464
508
465
509
466
510
467
511
468
512
469
513
470
514
471
515
472
516
473
517
474
518
475
519
476
520
477
521
478
522
479
523
480
524
481
525
482
526
483
527
484
528
485
529
486
530
487
531
488
532
489
533
490
534
491
535
492
536
493
537
494
538
495
539
496
540
497
541
498
542
543
500
544
501
545
502
546
503
547
504
548
505
549
506
550
507
551
508
552
509
553
510
554
511
555
512
556
513
557
514
558
515
559
516
560
517
561
518
562
519
563
520
564
521
565
522
566
523
567
524
568
525
569
526
570
527
571
528
572
529
573
530
574
531
575
532
576
533
577
534
578
535
579
536
580
537
581
538
582
539
583
540
584
541
585
542
586
543
587
588
545
589
546
590
547
591
548
592
549
593
550
594
551
595
552
596
553
597
554
598
555
599
556
600
557
601
558
602
559
603
560
604
561
605
562
606
563
607
564
608
565
609
566
610
567
611
568
612
569
613
570
614
571
615
572
616
573
617
574
618
575
619
576
620
577
621
578
622
579
623
580
624
581
625
582
626
583
627
584
628
585
629
586
630
587
631
588
632
633
590
634
591
635
592
636
593
637
594
638
595
639
596
640
597
641
598
642
599
643
600
644
601
645
602
646
603
647
604
648
605
649
606
650
607
651
608
652
609
653
610
654
611
655
612
656
613
657
614
658
615
659
616
660
617
661
618
662
619
663
620
664
621
665
622
666
623
667
624
668
625
669
626
670
627
671
628
672
629
673
630
674
631
675
632
676
633
677
678
635
679
636
680
637
681
638
682
639
683
640
684
641
685
642
686
643
687
644
688
645
689
646
690
647
691
648
692
649
693
650
694
651
695
652
696
653
697
654
698
655
699
656
700
657
701
658
702
659
703
660
704
661
705
662
706
663
707
664
708
665
709
666
710
667
711
668
712
669
713
670
714
671
715
672
716
673
717
674
718
675
719
676
720
677
721
678
722
723
680
724
681
725
682
726
683
727
684
728
685
729
686
730
687
731
688
732
689
733
690
734
691
735
692
736
693
737
694
738
695
739
696
740
697
741
698
742
699
743
700
744
701
745
702
746
703
747
704
748
705
749
706
750
707
751
708
752
709
753
710
754
711
755
712
756
713
757
714
758
715
759
716
760
717
761
718
762
719
763
720
764
721
765
722
766
723
767
768
725
769
726
770
727
771
728
772
729
773
730
774
731
775
732
776
733
777
734
778
735
779
736
780
737
781
738
782
739
783
740
784
741
785
742
786
743
787
744
788
745
789
746
790
747
791
748
792
749
793
750
794
751
795
752
796
753
797
754
798
755
799
756
800
757
801
758
802
759
803
760
804
761
805
762
806
763
807
764
808
765
809
766
810
767
811
768
812
813
770
814
771
815
772
816
773
817
774
818
775
819
776
820
777
821
778
822
779
823
780
824
781
825
782
826
783
827
784
828
785
829
786
830
787
831
788
832
789
833
790
834
791
835
792
836
793
837
794
838
795
839
796
840
797
841
798
842
799
843
800
844
801
845
802
846
803
847
804
848
805
849
806
850
807
851
808
852
809
853
810
854
811
855
812
856
813
857
858
815
859
816
860
817
861
818
862
819
863
820
864
821
865
822
866
823
867
824
868
825
869
826
870
827
871
828
872
829
873
830
874
831
875
832
876
833
877
834
878
835
879
836
880
837
881
838
882
839
883
840
884
841
885
842
886
843
887
844
888
845
889
846
890
847
891
848
892
849
893
850
894
851
895
852
896
853
897
854
898
855
899
856
900
857
901
858
902
903
860
904
861
905
862
906
863
907
864
908
865
909
866
910
867
911
868
912
869
913
870
914
871
915
872
916
873
917
874
918
875
919
876
920
877
921
878
922
879
923
880
924
881
925
882
926
883
927
884
928
885
929
886
930
887
931
888
932
889
933
890
934
891
935
892
936
893
937
894
938
895
939
896
940
897
941
898
942
899
943
900
944
901
945
902
946
903
947
948
905
949
906
950
907
951
908
952
909
953
910
954
911
955
912
956
913
957
914
958
915
959
916
960
917
961
918
962
919
963
920
964
921
965
922
966
923
967
924
968
925
969
926
970
927
971
928
972
929
973
930
974
931
975
932
976
933
977
934
978
935
979
936
980
937
981
938
982
939
983
940
984
941
985
942
986
943
987
944
988
945
989
946
990
947
991
948
992
950
993
951
994
952
995
953
996
954
997
955
998
956
999
957
1000
958
1001
959
1002
960
1003
961
1004
962
1005
963
1006
964
1007
965
1008
966
1009
967
1010
968
1011
969
1012
970
1013
971
1014
972
1015
973
1016
974
1017
975
1018
976
1019
977
1020
978
1021
979
1022
980
1023
981
1024
982
1025
983
1026
984
1027
985
1028
986
1029
987
1030
988
1031
989
1032
990
1033
991
1034
992
1035
1036
994
1037
995
1038
996
1039
997
1040
998
1041
999
1042
1000
1043
1001
1044
1002
1045
1003
1046
1004
1047
1005
1048
1006
1049
1007
1050
1008
1051
1009
1052
1010
1053
1011
1054
1012
1055
1013
1056
1014
1057
1015
1058
1016
1059
1017
1060
1018
1061
1019
1062
1020
1063
1021
1064
1022
1065
1023
1066
1024
1067
1025
1068
1026
1069
1027
1070
1028
1071
1029
1072
1030
1073
1031
1074
1032
1075
1033
1076
1034
1077
1035
1078
1036
1079
1080
1038
1081
1039
1082
1040
1083
1041
1084
1042
1085
1043
1086
1044
1087
1045
1088
1046
1089
1047
1090
1048
1091
1049
1092
1050
1093
1051
1094
1052
1095
1053
1096
1054
1097
1055
1098
1056
1099
1057
1100
1058
1101
1059
1102
1060
1103
1061
1104
1062
1105
1063
1106
1064
1107
1065
1108
1066
1109
1067
1110
1068
1111
1069
1112
1070
1113
1071
1114
1072
1115
1073
1116
1074
1117
1075
1118
1076
1119
1077
1120
1078
1121
1079
1122
1080
1123
1124
1082
1125
1083
1126
1084
1127
1085
1128
1086
1129
1087
1130
1088
1131
1089
1132
1090
1133
1091
1134
1092
1135
1093
1136
1094
1137
1095
1138
1096
1139
1097
1140
1098
1141
1099
1142
1100
1143
1101
1144
1102
1145
1103
1146
1104
1147
1105
1148
1106
1149
1107
1150
1108
1151
1109
1152
1110
1153
1111
1154
1112
1155
1113
1156
1114
1157
1115
1158
1116
1159
1117
1160
1118
1161
1119
1162
1120
1163
1121
1164
1122
1165
1123
1166
1124
1167
1168
1126
1169
1127
1170
1128
1171
1129
1172
1130
1173
1131
1174
1132
1175
1133
1176
1134
1177
1135
1178
1136
1179
1137
1180
1138
1181
1139
1182
1140
1183
1141
1184
1142
1185
1143
1186
1144
1187
1145
1188
1146
1189
1147
1190
1148
1191
1149
1192
1150
1193
1151
1194
1152
1195
1153
1196
1154
1197
1155
1198
1156
1199
1157
1200
1158
1201
1159
1202
1160
1203
1161
1204
1162
1205
1163
1206
1164
1207
1165
1208
1166
1209
1167
1210
1168
1211
1212
1170
1213
1171
1214
1172
1215
1173
1216
1174
1217
1175
1218
1176
1219
1177
1220
1178
1221
1179
1222
1180
1223
1181
1224
1182
1225
1183
1226
1184
1227
1185
1228
1186
1229
1187
1230
1188
1231
1189
1232
1190
1233
1191
1234
1192
1235
1193
1236
1194
1237
1195
1238
1196
1239
1197
1240
1198
1241
1199
1242
1200
1243
1201
1244
1202
1245
1203
1246
1204
1247
1205
1248
1206
1249
1207
1250
1208
1251
1209
1252
1210
1253
1211
1254
1212
1255
1214
1256
1215
1257
1216
1258
1217
1259
1218
1260
1219
1261
1220
1262
1221
1263
1222
1264
1223
1265
1224
1266
1225
1267
1226
1268
1227
1269
1228
1270
1229
1271
1230
1272
1231
1273
1232
1274
1233
1275
1234
1276
1235
1277
1236
1278
1237
1279
1238
1280
1239
1281
1240
1282
1241
1283
1242
1284
1243
1285
1244
1286
1245
1287
1246
1288
1247
1289
1248
1290
1249
1291
1250
1292
1251
1293
1252
1294
1253
1295
1254
1255
1257
8002
8266
1258
8005
8267
1259
8008
8268
1260
8011
8269
1261
8014
8270
1262
8017
8271
1263
8020
8272
1264
8023
8273
1265
8026
8274
1266
8029
8275
1267
8032
8276
1268
8035
8277
1269
8038
8278
1270
8041
8279
1271
8044
8280
1272
8047
8281
1273
8050
8282
1274
8053
8283
1275
8056
8284
1276
8059
8285
1277
8062
8286
1278
8065
8287
1279
8068
8288
1280
8071
8289
1281
8074
8290
1282
8077
8291
1283
8080
8292
1284
8083
8293
1285
8086
8294
1286
8089
8295
1287
8092
8296
1288
8095
8297
1289
8098
8298
1290
8101
8299
1291
8104
8300
1292
8107
8301
1293
8110
8302
1294
8113
8303
1295
8116
8304
8119
8305
1297
1350
8123
8124
1298
1351
8126
8127
1299
1352
8129
8130
1300
1353
8132
8133
1301
1354
8135
8136
1302
1355
8138
8139
1303
1356
8141
8142
1304
1357
8144
8145
1305
1358
8147
8148
1306
1359
8150
8151
1307
1360
8153
8154
1308
1361
8156
8157
1309
1362
8159
8160
1310
1363
8162
8163
1311
1364
8165
8166
1312
1365
8168
8169
1313
1366
8171
8172
1314
1367
8174
8175
1315
1368
8177
8178
1316
1369
8180
8181
1317
1370
8183
8184
1318
1371
8186
8187
1319
1372
8189
8190
1320
1373
8192
8193
1321
1374
8195
8196
1322
1375
8198
8199
1323
1376
8201
8202
1324
1377
8204
8205
1325
1378
8207
8208
1326
1379
8210
8211
1327
1380
8213
8214
1328
1381
8216
8217
1329
1382
8219
8220
1330
1383
8222
8223
1331
1384
8225
8226
1332
1385
8228
8229
1333
1386
8231
8232
1334
1387
8234
8235
1335
1388
8237
8238
1336
1389
8240
8241
1337
1390
8243
8244
1338
1391
8246
8247
1339
1392
8249
8250
1340
1393
8252
8253
1341
1394
8255
8256
1342
1395
8258
8259
1343
1396
8261
8262
1397
8264
8265
1345
1398
1346
1399
1347
1400
1348
1401
1349
1402
1350
1403
1351
1404
1352
1405
1353
1406
1354
1407
1355
1408
1356
1409
1357
1410
1358
1411
1359
1412
1360
1413
1361
1414
1362
1415
1363
1416
1364
1417
1365
1418
1366
1419
1367
1420
1368
1421
1369
1422
1370
1423
1371
1424
1372
1425
1373
1426
1374
1427
1375
1428
1376
1429
1377
1430
1378
1431
1379
1432
1380
1433
1381
1434
1382
1435
1383
1436
1384
1437
1385
1438
1386
1439
1387
1440
1388
1441
1389
1442
1390
1443
1391
1444
1392
1445
1393
1446
1394
1447
1395
1448
1396
1449
1397
1450
1451
1399
1452
1400
1453
1401
1454
1402
1455
1403
1456
1404
1457
1405
1458
1406
1459
1407
1460
1408
1461
1409
1462
1410
1463
1411
1464
1412
1465
1413
1466
1414
1467
1415
1468
1416
1469
1417
1470
1418
1471
1419
1472
1420
1473
1421
1474
1422
1475
1423
1476
1424
1477
1425
1478
1426
1479
1427
1480
1428
1481
1429
1482
1430
1483
1431
1484
1432
1485
1433
1486
1434
1487
1435
1488
1436
1489
1437
1490
1438
1491
1439
1492
1440
1493
1441
1494
1442
1495
1443
1496
1444
1497
1445
1498
1446
1499
1447
1500
1448
1501
1449
1502
1450
1503
1451
1504
1505
1453
1506
1454
1507
1455
1508
1456
1509
1457
1510
1458
1511
1459
1512
1460
1513
1461
1514
1462
1515
1463
1516
1464
1517
1465
1518
1466
1519
1467
1520
1468
1521
1469
1522
1470
1523
1471
1524
1472
1525
1473
1526
1474
1527
1475
1528
1476
1529
1477
1530
1478
1531
1479
1532
1480
1533
1481
1534
1482
1535
1483
1536
1484
1537
1485
1538
1486
1539
1487
1540
1488
1541
1489
1542
1490
1543
1491
1544
1492
1545
1493
1546
1494
1547
1495
1548
1496
1549
1497
1550
1498
1551
1499
1552
1500
1553
1501
1554
1502
1555
1503
1556
1504
1557
1505
1558
1559
1507
1560
1508
1561
1509
1562
1510
1563
1511
1564
1512
1565
1513
1566
1514
1567
1515
1568
1516
1569
1517
1570
1518
1571
1519
1572
1520
1573
1521
1574
1522
1575
1523
1576
1524
1577
1525
1578
1526
1579
1527
1580
1528
1581
1529
1582
1530
1583
1531
1584
1532
1585
1533
1586
1534
1587
1535
1588
1536
1589
1537
1590
1538
1591
1539
1592
1540
1593
1541
1594
1542
1595
1543
1596
1544
1597
1545
1598
1546
1599
1547
1600
1548
1601
1549
1602
1550
1603
1551
1604
1552
1605
1553
1606
1554
1607
1555
1608
1556
1609
1557
1610
1558
1611
1559
1612
1613
1561
1614
1562
1615
1563
1616
1564
1617
1565
1618
1566
1619
1567
1620
1568
1621
1569
1622
1570
1623
1571
1624
1572
1625
1573
1626
1574
1627
1575
1628
1576
1629
1577
1630
1578
1631
1579
1632
1580
1633
1581
1634
1582
1635
1583
1636
1584
1637
1585
1638
1586
1639
1587
1640
1588
1641
1589
1642
1590
1643
1591
1644
1592
1645
1593
1646
1594
1647
1595
1648
1596
1649
1597
1650
1598
1651
1599
1652
1600
1653
1601
1654
1602
1655
1603
1656
1604
1657
1605
1658
1606
1659
1607
1660
1608
1661
1609
1662
1610
1663
1611
1664
1612
1665
1613
1666
1667
1615
1668
1616
1669
1617
1670
1618
1671
1619
1672
1620
1673
1621
1674
1622
1675
1623
1676
1624
1677
1625
1678
1626
1679
1627
1680
1628
1681
1629
1682
1630
1683
1631
1684
1632
1685
1633
1686
1634
1687
1635
1688
1636
1689
1637
1690
1638
1691
1639
1692
1640
1693
1641
1694
1642
1695
1643
1696
1644
1697
1645
1698
1646
1699
1647
1700
1648
1701
1649
1702
1650
1703
1651
1704
1652
1705
1653
1706
1654
1707
1655
1708
1656
1709
1657
1710
1658
1711
1659
1712
1660
1713
1661
1714
1662
1715
1663
1716
1664
1717
1665
1718
1666
1719
1667
1720
1721
1669
1722
1670
1723
1671
1724
1672
1725
1673
1726
1674
1727
1675
1728
1676
1729
1677
1730
1678
1731
1679
1732
1680
1733
1681
1734
1682
1735
1683
1736
1684
1737
1685
1738
1686
1739
1687
1740
1688
1741
1689
1742
1690
1743
1691
1744
1692
1745
1693
1746
1694
1747
1695
1748
1696
1749
1697
1750
1698
1751
1699
1752
1700
1753
1701
1754
1702
1755
1703
1756
1704
1757
1705
1758
1706
1759
1707
1760
1708
1761
1709
1762
1710
1763
1711
1764
1712
1765
1713
1766
1714
1767
1715
1768
1716
1769
1717
1770
1718
1771
1719
1772
1720
1773
1721
1774
1775
1723
1776
1724
1777
1725
1778
1726
1779
1727
1780
1728
1781
1729
1782
1730
1783
1731
1784
1732
1785
1733
1786
1734
1787
1735
1788
1736
1789
1737
1790
1738
1791
1739
1792
1740
1793
1741
1794
1742
1795
1743
1796
1744
1797
1745
1798
1746
1799
1747
1800
1748
1801
1749
1802
1750
1803
1751
1804
1752
1805
1753
1806
1754
1807
1755
1808
1756
1809
1757
1810
1758
1811
1759
1812
1760
1813
1761
1814
1762
1815
1763
1816
1764
1817
1765
1818
1766
1819
1767
1820
1768
1821
1769
1822
1770
1823
1771
1824
1772
1825
1773
1826
1774
1827
1775
1828
1829
1777
1830
1778
1831
1779
1832
1780
1833
1781
1834
1782
1835
1783
1836
1784
1837
1785
1838
1786
1839
1787
1840
1788
1841
1789
1842
1790
1843
1791
1844
1792
1845
1793
1846
1794
1847
1795
1848
1796
1849
1797
1850
1798
1851
1799
1852
1800
1853
1801
1854
1802
1855
1803
1856
1804
1857
1805
1858
1806
1859
1807
1860
1808
1861
1809
1862
1810
1863
1811
1864
1812
1865
1813
1866
1814
1867
1815
1868
1816
1869
1817
1870
1818
1871
1819
1872
1820
1873
1821
1874
1822
1875
1823
1876
1824
1877
1825
1878
1826
1879
1827
1880
1828
1881
1829
1882
1883
1831
1884
1832
1885
1833
1886
1834
1887
1835
1888
1836
1889
1837
1890
1838
1891
1839
1892
1840
1893
1841
1894
1842
1895
1843
1896
1844
1897
1845
1898
1846
1899
1847
1900
1848
1901
1849
1902
1850
1903
1851
1904
1852
1905
1853
1906
1854
1907
1855
1908
1856
1909
1857
1910
1858
1911
1859
1912
1860
1913
1861
1914
1862
1915
1863
1916
1864
1917
1865
1918
1866
1919
1867
1920
1868
1921
1869
1922
1870
1923
1871
1924
1872
1925
1873
1926
1874
1927
1875
1928
1876
1929
1877
1930
1878
1931
1879
1932
1880
1933
1881
1934
1882
1935
1883
1936
1937
1885
1938
1886
1939
1887
1940
1888
1941
1889
1942
1890
1943
1891
1944
1892
1945
1893
1946
1894
1947
1895
1948
1896
1949
1897
1950
1898
1951
1899
1952
1900
1953
1901
1954
1902
1955
1903
1956
1904
1957
1905
1958
1906
1959
1907
1960
1908
1961
1909
1962
1910
1963
1911
1964
1912
1965
1913
1966
1914
1967
1915
1968
1916
1969
1917
1970
1918
1971
1919
1972
1920
1973
1921
1974
1922
1975
1923
1976
1924
1977
1925
1978
1926
1979
1927
1980
1928
1981
1929
1982
1930
1983
1931
1984
1932
1985
1933
1986
1934
1987
1935
1988
1936
1989
1937
1990
1991
1939
1992
1940
1993
1941
1994
1942
1995
1943
1996
1944
1997
1945
1998
1946
1999
1947
2000
1948
2001
1949
2002
1950
2003
1951
2004
1952
2005
1953
2006
1954
2007
1955
2008
1956
2009
1957
2010
1958
2011
1959
2012
1960
2013
1961
2014
1962
2015
1963
2016
1964
2017
1965
2018
1966
2019
1967
2020
1968
2021
1969
2022
1970
2023
1971
2024
1972
2025
1973
2026
1974
2027
1975
2028
1976
2029
1977
2030
1978
2031
1979
2032
1980
2033
1981
2034
1982
2035
1983
2036
1984
2037
1985
2038
1986
2039
1987
2040
1988
2041
1989
2042
1990
2043
1991
2044
2045
1993
2046
1994
2047
1995
2048
1996
2049
1997
2050
1998
2051
1999
2052
2000
2053
2001
2054
2002
2055
2003
2056
2004
2057
2005
2058
2006
2059
2007
2060
2008
2061
2009
2062
2010
2063
2011
2064
2012
2065
2013
2066
2014
2067
2015
2068
2016
2069
2017
2070
2018
2071
2019
2072
2020
2073
2021
2074
2022
2075
2023
2076
2024
2077
2025
2078
2026
2079
2027
2080
2028
2081
2029
2082
2030
2083
2031
2084
2032
2085
2033
2086
2034
2087
2035
2088
2036
2089
2037
2090
2038
2091
2039
2092
2040
2093
2041
2094
2042
2095
2043
2096
2044
2097
2045
2098
2047
2099
2048
2100
2049
2101
2050
2102
2051
2103
2052
2104
2053
2105
2054
2106
2055
2107
2056
2108
2057
2109
2058
2110
2059
2111
2060
2112
2061
2113
2062
2114
2063
2115
2064
2116
2065
2117
2066
2118
2067
2119
2068
2120
2069
2121
2070
2122
2071
2123
2072
2124
2073
2125
2074
2126
2075
2127
2076
2128
2077
2129
2078
2130
2079
2131
2080
2132
2081
2133
2082
2134
2083
2135
2084
2136
2085
2137
2086
2138
2087
2139
2088
2140
2089
2141
2090
2142
2091
2143
2092
2144
2093
2145
2094
2146
2095
2147
2096
2148
2097
2149
2098
2150
2151
2100
2152
2101
2153
2102
2154
2103
2155
2104
2156
2105
2157
2106
2158
2107
2159
2108
2160
2109
2161
2110
2162
2111
2163
2112
2164
2113
2165
2114
2166
2115
2167
2116
2168
2117
2169
2118
2170
2119
2171
2120
2172
2121
2173
2122
2174
2123
2175
2124
2176
2125
2177
2126
2178
2127
2179
2128
2180
2129
2181
2130
2182
2131
2183
2132
2184
2133
2185
2134
2186
2135
2187
2136
2188
2137
2189
2138
2190
2139
2191
2140
2192
2141
2193
2142
2194
2143
2195
2144
2196
2145
2197
2146
2198
2147
2199
2148
2200
2149
2201
2150
2202
2151
2203
2204
2153
2205
2154
2206
2155
2207
2156
2208
2157
2209
2158
2210
2159
2211
2160
2212
2161
2213
2162
2214
2163
2215
2164
2216
2165
2217
2166
2218
2167
2219
2168
2220
2169
2221
2170
2222
2171
2223
2172
2224
2173
2225
2174
2226
2175
2227
2176
2228
2177
2229
2178
2230
2179
2231
2180
2232
2181
2233
2182
2234
2183
2235
2184
2236
2185
2237
2186
2238
2187
2239
2188
2240
2189
2241
2190
2242
2191
2243
2192
2244
2193
2245
2194
2246
2195
2247
2196
2248
2197
2249
2198
2250
2199
2251
2200
2252
2201
2253
2202
2254
2203
2255
2204
2256
2257
2206
2258
2207
2259
2208
2260
2209
2261
2210
2262
2211
2263
2212
2264
2213
2265
2214
2266
2215
2267
2216
2268
2217
2269
2218
2270
2219
2271
2220
2272
2221
2273
2222
2274
2223
2275
2224
2276
2225
2277
2226
2278
2227
2279
2228
2280
2229
2281
2230
2282
2231
2283
2232
2284
2233
2285
2234
2286
2235
2287
2236
2288
2237
2289
2238
2290
2239
2291
2240
2292
2241
2293
2242
2294
2243
2295
2244
2296
2245
2297
2246
2298
2247
2299
2248
2300
2249
2301
2250
2302
2251
2303
2252
2304
2253
2305
2254
2306
2255
2307
2256
2308
2257
2309
2310
2259
2311
2260
2312
2261
2313
2262
2314
2263
2315
2264
2316
2265
2317
2266
2318
2267
2319
2268
2320
2269
2321
2270
2322
2271
2323
2272
2324
2273
2325
2274
2326
2275
2327
2276
2328
2277
2329
2278
2330
2279
2331
2280
2332
2281
2333
2282
2334
2283
2335
2284
2336
2285
2337
2286
2338
2287
2339
2288
2340
2289
2341
2290
2342
2291
2343
2292
2344
2293
2345
2294
2346
2295
2347
2296
2348
2297
2349
2298
2350
2299
2351
2300
2352
2301
2353
2302
2354
2303
2355
2304
2356
2305
2357
2306
2358
2307
2359
2308
2360
2309
2361
2310
2362
2363
2312
2364
2313
2365
2314
2366
2315
2367
2316
2368
2317
2369
2318
2370
2319
2371
2320
2372
2321
2373
2322
2374
2323
2375
2324
2376
2325
2377
2326
2378
2327
2379
2328
2380
2329
2381
2330
2382
2331
2383
2332
2384
2333
2385
2334
2386
2335
2387
2336
2388
2337
2389
2338
2390
2339
2391
2340
2392
2341
2393
2342
2394
2343
2395
2344
2396
2345
2397
2346
2398
2347
2399
2348
2400
2349
2401
2350
2402
2351
2403
2352
2404
2353
2405
2354
2406
2355
2407
2356
2408
2357
2409
2358
2410
2359
2411
2360
2412
2361
2413
2362
2414
2363
2415
2416
2365
2417
2366
2418
2367
2419
2368
2420
2369
2421
2370
2422
2371
2423
2372
2424
2373
2425
2374
2426
2375
2427
2376
2428
2377
2429
2378
2430
2379
2431
2380
2432
2381
2433
2382
2434
2383
2435
2384
2436
2385
2437
2386
2438
2387
2439
2388
2440
2389
2441
2390
2442
2391
2443
2392
2444
2393
2445
2394
2446
2395
2447
2396
2448
2397
2449
2398
2450
2399
2451
2400
2452
2401
2453
2402
2454
2403
2455
2404
2456
2405
2457
2406
2458
2407
2459
2408
2460
2409
2461
2410
2462
2411
2463
2412
2464
2413
2465
2414
2466
2415
2467
2416
2468
2469
2418
2470
2419
2471
2420
2472
2421
2473
2422
2474
2423
2475
2424
2476
2425
2477
2426
2478
2427
2479
2428
2480
2429
2481
2430
2482
2431
2483
2432
2484
2433
2485
2434
2486
2435
2487
2436
2488
2437
2489
2438
2490
2439
2491
2440
2492
2441
2493
2442
2494
2443
2495
2444
2496
2445
2497
2446
2498
2447
2499
2448
2500
2449
2501
2450
2502
2451
2503
2452
2504
2453
2505
2454
2506
2455
2507
2456
2508
2457
2509
2458
2510
2459
2511
2460
2512
2461
2513
2462
2514
2463
2515
2464
2516
2465
2517
2466
2518
2467
2519
2468
2520
2469
2521
2522
2471
2523
2472
2524
2473
2525
2474
2526
2475
2527
2476
2528
2477
2529
2478
2530
2479
2531
2480
2532
2481
2533
2482
2534
2483
2535
2484
2536
2485
2537
2486
2538
2487
2539
2488
2540
2489
2541
2490
2542
2491
2543
2492
2544
2493
2545
2494
2546
2495
2547
2496
2548
2497
2549
2498
2550
2499
2551
2500
2552
2501
2553
2502
2554
2503
2555
2504
2556
2505
2557
2506
2558
2507
2559
2508
2560
2509
2561
2510
2562
2511
2563
2512
2564
2513
2565
2514
2566
2515
2567
2516
2568
2517
2569
2518
2570
2519
2571
2520
2572
2521
2573
2522
2574
2524
2575
2525
2576
2526
2577
2527
2578
2528
2579
2529
2580
2530
2581
2531
2582
2532
2583
2533
2584
2534
2585
2535
2586
2536
2587
2537
2588
2538
2589
2539
2590
2540
2591
2541
2592
2542
2593
2543
2594
2544
2595
2545
2596
2546
2597
2547
2598
2548
2599
2549
2600
2550
2601
2551
2602
2552
2603
2553
2604
2554
2605
2555
2606
2556
2607
2557
2608
2558
2609
2559
2610
2560
2611
2561
2612
2562
2613
2563
2614
2564
2615
2565
2616
2566
2617
2567
2618
2568
2619
2569
2620
2570
2621
2571
2622
2572
2623
2573
2624
2574
2625
2576
2626
2577
2627
2578
2628
2579
2629
2580
2630
2581
2631
2582
2632
2583
2633
2584
2634
2585
2635
2586
2636
2587
2637
2588
2638
2589
2639
2590
2640
2591
2641
2592
2642
2593
2643
2594
2644
2595
2645
2596
2646
2597
2647
2598
2648
2599
2649
2600
2650
2601
2651
2602
2652
2603
2653
2604
2654
2605
2655
2606
2656
2607
2657
2608
2658
2609
2659
2610
2660
2611
2661
2612
2662
2613
2663
2614
2664
2615
2665
2616
2666
2617
2667
2618
2668
2619
2669
2620
2670
2621
2671
2622
2672
2623
2673
2624
2674
2625
2675
2627
2676
2628
2677
2629
2678
2630
2679
2631
2680
2632
2681
2633
2682
2634
2683
2635
2684
2636
2685
2637
2686
2638
2687
2639
2688
2640
2689
2641
2690
2642
2691
2643
2692
2644
2693
2645
2694
2646
2695
2647
2696
2648
2697
2649
2698
2650
2699
2651
2700
2652
2701
2653
2702
2654
2703
2655
2704
2656
2705
2657
2706
2658
2707
2659
2708
2660
2709
2661
2710
2662
2711
2663
2712
2664
2713
2665
2714
2666
2715
2667
2716
2668
2717
2669
2718
2670
2719
2671
2720
2672
2721
2673
2722
2674
2723
2675
2724
2725
2677
2726
2678
2727
2679
2728
2680
2729
2681
2730
2682
2731
2683
2732
2684
2733
2685
2734
2686
2735
2687
2736
2688
2737
2689
2738
2690
2739
2691
2740
2692
2741
2693
2742
2694
2743
2695
2744
2696
2745
2697
2746
2698
2747
2699
2748
2700
2749
2701
2750
2702
2751
2703
2752
2704
2753
2705
2754
2706
2755
2707
2756
2708
2757
2709
2758
2710
2759
2711
2760
2712
2761
2713
2762
2714
2763
2715
2764
2716
2765
2717
2766
2718
2767
2719
2768
2720
2769
2721
2770
2722
2771
2723
2772
2724
2773
2725
2774
2775
2727
2776
2728
2777
2729
2778
2730
2779
2731
2780
2732
2781
2733
2782
2734
2783
2735
2784
2736
2785
2737
2786
2738
2787
2739
2788
2740
2789
2741
2790
2742
2791
2743
2792
2744
2793
2745
2794
2746
2795
2747
2796
2748
2797
2749
2798
2750
2799
2751
2800
2752
2801
2753
2802
2754
2803
2755
2804
2756
2805
2757
2806
2758
2807
2759
2808
2760
2809
2761
2810
2762
2811
2763
2812
2764
2813
2765
2814
2766
2815
2767
2816
2768
2817
2769
2818
2770
2819
2771
2820
2772
2821
2773
2822
2774
2823
2775
2824
2825
2777
2778
2779
2780
2781
2782
2783
2784
2785
2786
2787
2788
2789
2790
2791
2792
2793
2794
2795
2796
2797
2798
2799
2800
2801
2802
2803
2804
2805
2806
2807
2808
2809
2810
2811
2812
2813
2814
2815
2816
2817
2818
2819
2820
2821
2822
2823
2824
2825
2828
8004
8306
8307
2828
8306
8346
2830
2946
2831
8007
8307
8308
2831
8307
8347
2833
2949
2834
8010
8308
8309
2834
8308
8348
2836
2952
2837
8013
8309
8310
2837
8309
8349
2839
2955
2840
8016
8310
8311
2840
8310
8350
2842
2958
2843
8019
8311
8312
2843
8311
8351
2845
2961
2846
8022
8312
8313
2846
8312
8352
2848
2964
2849
8025
8313
8314
2849
8313
8353
2851
2967
2852
8028
8314
8315
2852
8314
8354
2854
2970
2855
8031
8315
8316
2855
8315
8355
2857
2973
2858
8034
8316
8317
2858
8316
8356
2860
2976
2861
8037
8317
8318
2861
8317
8357
2863
2979
2864
8040
8318
8319
2864
8318
8358
2866
2982
2867
8043
8319
8320
2867
8319
8359
2869
2985
2870
8046
8320
8321
2870
8320
8360
2872
2988
2873
8049
8321
8322
2873
8321
8361
2875
2991
2876
8052
8322
8323
2876
8322
8362
2878
2994
2879
8055
8323
8324
2879
8323
8363
2881
2997
2882
8058
8324
8325
2882
8324
8364
2884
3000
2885
8061
8325
8326
2885
8325
8365
2887
3003
2888
8064
8326
8327
2888
8326
8366
2890
3006
2891
8067
8327
8328
2891
8327
8367
2893
3009
2894
8070
8328
8329
2894
8328
8368
2896
3012
2897
8073
8329
8330
2897
8329
8369
2899
3015
2900
8076
8330
8331
2900
8330
8370
2902
3018
2903
8079
8331
8332
2903
8331
8371
2905
3021
2906
8082
8332
8333
2906
8332
8372
2908
3024
2909
8085
8333
8334
2909
8333
8373
2911
3027
2912
8088
8334
8335
2912
8334
8374
2914
3030
2915
8091
8335
8336
2915
8335
8375
2917
3033
2918
8094
8336
8337
2918
8336
8376
2920
3036
2921
8097
8337
8338
2921
8337
8377
2923
3039
2924
8100
8338
8339
2924
8338
8378
2926
3042
2927
8103
8339
8340
2927
8339
8379
2929
3045
2930
8106
8340
8341
2930
8340
8380
2932
3048
2933
8109
8341
8342
2933
8341
8381
2935
3051
2936
8112
8342
8343
2936
8342
8382
2938
3054
2939
8115
8343
8344
2939
8343
8383
2941
3057
2942
8118
8344
8345
2942
8344
8384
2944
3060
2945
8121
8345
2945
8345
8385
3063
2948
8346
8347
2948
8346
8386
2950
3066
2951
8347
8348
2951
8347
8387
2953
3069
2954
8348
8349
2954
8348
8388
2956
3072
2957
8349
8350
2957
8349
8389
2959
3075
2960
8350
8351
2960
8350
8390
2962
3078
2963
8351
8352
2963
8351
8391
2965
3081
2966
8352
8353
2966
8352
8392
2968
3084
2969
8353
8354
2969
8353
8393
2971
3087
2972
8354
8355
2972
8354
8394
2974
3090
2975
8355
8356
2975
8355
8395
2977
3093
2978
8356
8357
2978
8356
8396
2980
3096
2981
8357
8358
2981
8357
8397
2983
3099
2984
8358
8359
2984
8358
8398
2986
3102
2987
8359
8360
2987
8359
8399
2989
3105
2990
8360
8361
2990
8360
8400
2992
3108
2993
8361
8362
2993
8361
8401
2995
3111
2996
8362
8363
2996
8362
8402
2998
3114
2999
8363
8364
2999
8363
8403
3001
3117
3002
8364
8365
3002
8364
8404
3004
3120
3005
8365
8366
3005
8365
8405
3007
3123
3008
8366
8367
3008
8366
8406
3010
3126
3011
8367
8368
3011
8367
8407
3013
3129
3014
8368
8369
3014
8368
8408
3016
3132
3017
8369
8370
3017
8369
8409
3019
3135
3020
8370
8371
3020
8370
8410
3022
3138
3023
8371
8372
3023
8371
8411
3025
3141
3026
8372
8373
3026
8372
8412
3028
3144
3029
8373
8374
3029
8373
8413
3031
3147
3032
8374
8375
3032
8374
8414
3034
3150
3035
8375
8376
3035
8375
8415
3037
3153
3038
8376
8377
3038
8376
8416
3040
3156
3041
8377
8378
3041
8377
8417
3043
3159
3044
8378
8379
3044
8378
8418
3046
3162
3047
8379
8380
3047
8379
8419
3049
3165
3050
8380
8381
3050
8380
8420
3052
3168
3053
8381
8382
3053
8381
8421
3055
3171
3056
8382
8383
3056
8382
8422
3058
3174
3059
8383
8384
3059
8383
8423
3061
3177
3062
8384
8385
3062
8384
8424
3064
3180
3065
8385
3065
8385
8425
3183
3068
8386
8387
3068
8386
8426
3070
3186
3071
8387
8388
3071
8387
8427
3073
3189
3074
8388
8389
3074
8388
8428
3076
3192
3077
8389
8390
3077
8389
8429
3079
3195
3080
8390
8391
3080
8390
8430
3082
3198
3083
8391
8392
3083
8391
8431
3085
3201
3086
8392
8393
3086
8392
8432
3088
3204
3089
8393
8394
3089
8393
8433
3091
3207
3092
8394
8395
3092
8394
8434
3094
3210
3095
8395
8396
3095
8395
8435
3097
3213
3098
8396
8397
3098
8396
8436
3100
3216
3101
8397
8398
3101
8397
8437
3103
3219
3104
8398
8399
3104
8398
8438
3106
3222
3107
8399
8400
3107
8399
8439
3109
3225
3110
8400
8401
3110
8400
8440
3112
3228
3113
8401
8402
3113
8401
8441
3115
3231
3116
8402
8403
3116
8402
8442
3118
3234
3119
8403
8404
3119
8403
8443
3121
3237
3122
8404
8405
3122
8404
8444
3124
3240
3125
8405
8406
3125
8405
8445
3127
3243
3128
8406
8407
3128
8406
8446
3130
3246
3131
8407
8408
3131
8407
8447
3133
3249
3134
8408
8409
3134
8408
8448
3136
3252
3137
8409
8410
3137
8409
8449
3139
3255
3140
8410
8411
3140
8410
8450
3142
3258
3143
8411
8412
3143
8411
8451
3145
3261
3146
8412
8413
3146
8412
8452
3148
3264
3149
8413
8414
3149
8413
8453
3151
3267
3152
8414
8415
3152
8414
8454
3154
3270
3155
8415
8416
3155
8415
8455
3157
3273
3158
8416
8417
3158
8416
8456
3160
3276
3161
8417
8418
3161
8417
8457
3163
3279
3164
8418
8419
3164
8418
8458
3166
3282
3167
8419
8420
3167
8419
8459
3169
3285
3170
8420
8421
3170
8420
8460
3172
3288
3173
8421
8422
3173
8421
8461
3175
3291
3176
8422
8423
3176
8422
8462
3178
3294
3179
8423
8424
3179
8423
8463
3181
3297
3182
8424
8425
3182
8424
8464
3184
3300
3185
8425
3185
8425
8465
3303
3188
8426
8427
3188
8426
8466
3190
3306
3191
8427
8428
3191
8427
8467
3193
3309
3194
8428
8429
3194
8428
8468
3196
3312
3197
8429
8430
3197
8429
8469
3199
3315
3200
8430
8431
3200
8430
8470
3202
3318
3203
8431
8432
3203
8431
8471
3205
3321
3206
8432
8433
3206
8432
8472
3208
3324
3209
8433
8434
3209
8433
8473
3211
3327
3212
8434
8435
3212
8434
8474
3214
3330
3215
8435
8436
3215
8435
8475
3217
3333
3218
8436
8437
3218
8436
8476
3220
3336
3221
8437
8438
3221
8437
8477
3223
3339
3224
8438
8439
3224
8438
8478
3226
3342
3227
8439
8440
3227
8439
8479
3229
3345
3230
8440
8441
3230
8440
8480
3232
3348
3233
8441
8442
3233
8441
8481
3235
3351
3236
8442
8443
3236
8442
8482
3238
3354
3239
8443
8444
3239
8443
8483
3241
3357
3242
8444
8445
3242
8444
8484
3244
3360
3245
8445
8446
3245
8445
8485
3247
3363
3248
8446
8447
3248
8446
8486
3250
3366
3251
8447
8448
3251
8447
8487
3253
3369
3254
8448
8449
3254
8448
8488
3256
3372
3257
8449
8450
3257
8449
8489
3259
3375
3260
8450
8451
3260
8450
8490
3262
3378
3263
8451
8452
3263
8451
8491
3265
3381
3266
8452
8453
3266
8452
8492
3268
3384
3269
8453
8454
3269
8453
8493
3271
3387
3272
8454
8455
3272
8454
8494
3274
3390
3275
8455
8456
3275
8455
8495
3277
3393
3278
8456
8457
3278
8456
8496
3280
3396
3281
8457
8458
3281
8457
8497
3283
3399
3284
8458
8459
3284
8458
8498
3286
3402
3287
8459
8460
3287
8459
8499
3289
3405
3290
8460
8461
3290
8460
8500
3292
3408
3293
8461
8462
3293
8461
8501
3295
3411
3296
8462
8463
3296
8462
8502
3298
3414
3299
8463
8464
3299
8463
8503
3301
3417
3302
8464
8465
3302
8464
8504
3304
3420
3305
8465
3305
8465
8505
3423
3308
8466
8467
3308
8466
8506
3310
3426
3311
8467
8468
3311
8467
8507
3313
3429
3314
8468
8469
3314
8468
8508
3316
3432
3317
8469
8470
3317
8469
8509
3319
3435
3320
8470
8471
3320
8470
8510
3322
3438
3323
8471
8472
3323
8471
8511
3325
3441
3326
8472
8473
3326
8472
8512
3328
3444
3329
8473
8474
3329
8473
8513
3331
3447
3332
8474
8475
3332
8474
8514
3334
3450
3335
8475
8476
3335
8475
8515
3337
3453
3338
8476
8477
3338
8476
8516
3340
3456
3341
8477
8478
3341
8477
8517
3343
3459
3344
8478
8479
3344
8478
8518
3346
3462
3347
8479
8480
3347
8479
8519
3349
3465
3350
8480
8481
3350
8480
8520
3352
3468
3353
8481
8482
3353
8481
8521
3355
3471
3356
8482
8483
3356
8482
8522
3358
3474
3359
8483
8484
3359
8483
8523
3361
3477
3362
8484
8485
3362
8484
8524
3364
3480
3365
8485
8486
3365
8485
8525
3367
3483
3368
8486
8487
3368
8486
8526
3370
3486
3371
8487
8488
3371
8487
8527
3373
3489
3374
8488
8489
3374
8488
8528
3376
3492
3377
8489
8490
3377
8489
8529
3379
3495
3380
8490
8491
3380
8490
8530
3382
3498
3383
8491
8492
3383
8491
8531
3385
3501
3386
8492
8493
3386
8492
8532
3388
3504
3389
8493
8494
3389
8493
8533
3391
3507
3392
8494
8495
3392
8494
8534
3394
3510
3395
8495
8496
3395
8495
8535
3397
3513
3398
8496
8497
3398
8496
8536
3400
3516
3401
8497
8498
3401
8497
8537
3403
3519
3404
8498
8499
3404
8498
8538
3406
3522
3407
8499
8500
3407
8499
8539
3409
3525
3410
8500
8501
3410
8500
8540
3412
3528
3413
8501
8502
3413
8501
8541
3415
3531
3416
8502
8503
3416
8502
8542
3418
3534
3419
8503
8504
3419
8503
8543
3421
3537
3422
8504
8505
3422
8504
8544
3424
3540
3425
8505
3425
8505
8545
3543
3428
8506
8507
3428
8506
8546
3430
3546
3431
8507
8508
3431
8507
8547
3433
3549
3434
8508
8509
3434
8508
8548
3436
3552
3437
8509
8510
3437
8509
8549
3439
3555
3440
8510
8511
3440
8510
8550
3442
3558
3443
8511
8512
3443
8511
8551
3445
3561
3446
8512
8513
3446
8512
8552
3448
3564
3449
8513
8514
3449
8513
8553
3451
3567
3452
8514
8515
3452
8514
8554
3454
3570
3455
8515
8516
3455
8515
8555
3457
3573
3458
8516
8517
3458
8516
8556
3460
3576
3461
8517
8518
3461
8517
8557
3463
3579
3464
8518
8519
3464
8518
8558
3466
3582
3467
8519
8520
3467
8519
8559
3469
3585
3470
8520
8521
3470
8520
8560
3472
3588
3473
8521
8522
3473
8521
8561
3475
3591
3476
8522
8523
3476
8522
8562
3478
3594
3479
8523
8524
3479
8523
8563
3481
3597
3482
8524
8525
3482
8524
8564
3484
3600
3485
8525
8526
3485
8525
8565
3487
3603
3488
8526
8527
3488
8526
8566
3490
3606
3491
8527
8528
3491
8527
8567
3493
3609
3494
8528
8529
3494
8528
8568
3496
3612
3497
8529
8530
3497
8529
8569
3499
3615
3500
8530
8531
3500
8530
8570
3502
3618
3503
8531
8532
3503
8531
8571
3505
3621
3506
8532
8533
3506
8532
8572
3508
3624
3509
8533
8534
3509
8533
8573
3511
3627
3512
8534
8535
3512
8534
8574
3514
3630
3515
8535
8536
3515
8535
8575
3517
3633
3518
8536
8537
3518
8536
8576
3520
3636
3521
8537
8538
3521
8537
8577
3523
3639
3524
8538
8539
3524
8538
8578
3526
3642
3527
8539
8540
3527
8539
8579
3529
3645
3530
8540
8541
3530
8540
8580
3532
3648
3533
8541
8542
3533
8541
8581
3535
3651
3536
8542
8543
3536
8542
8582
3538
3654
3539
8543
8544
3539
8543
8583
3541
3657
3542
8544
8545
3542
8544
8584
3544
3660
3545
8545
3545
8545
8585
3663
3548
8546
8547
3548
8546
8586
3550
3666
3551
8547
8548
3551
8547
8587
3553
3669
3554
8548
8549
3554
8548
8588
3556
3672
3557
8549
8550
3557
8549
8589
3559
3675
3560
8550
8551
3560
8550
8590
3562
3678
3563
8551
8552
3563
8551
8591
3565
3681
3566
8552
8553
3566
8552
8592
3568
3684
3569
8553
8554
3569
8553
8593
3571
3687
3572
8554
8555
3572
8554
8594
3574
3690
3575
8555
8556
3575
8555
8595
3577
3693
3578
8556
8557
3578
8556
8596
3580
3696
3581
8557
8558
3581
8557
8597
3583
3699
3584
8558
8559
3584
8558
8598
3586
3702
3587
8559
8560
3587
8559
8599
3589
3705
3590
8560
8561
3590
8560
8600
3592
3708
3593
8561
8562
3593
8561
8601
3595
3711
3596
8562
8563
3596
8562
8602
3598
3714
3599
8563
8564
3599
8563
8603
3601
3717
3602
8564
8565
3602
8564
8604
3604
3720
3605
8565
8566
3605
8565
8605
3607
3723
3608
8566
8567
3608
8566
8606
3610
3726
3611
8567
8568
3611
8567
8607
3613
3729
3614
8568
8569
3614
8568
8608
3616
3732
3617
8569
8570
3617
8569
8609
3619
3735
3620
8570
8571
3620
8570
8610
3622
3738
3623
8571
8572
3623
8571
8611
3625
3741
3626
8572
8573
3626
8572
8612
3628
3744
3629
8573
8574
3629
8573
8613
3631
3747
3632
8574
8575
3632
8574
8614
3634
3750
3635
8575
8576
3635
8575
8615
3637
3753
3638
8576
8577
3638
8576
8616
3640
3756
3641
8577
8578
3641
8577
8617
3643
3759
3644
8578
8579
3644
8578
8618
3646
3762
3647
8579
8580
3647
8579
8619
3649
3765
3650
8580
8581
3650
8580
8620
3652
3768
3653
8581
8582
3653
8581
8621
3655
3771
3656
8582
8583
3656
8582
8622
3658
3774
3659
8583
8584
3659
8583
8623
3661
3777
3662
8584
8585
3662
8584
8624
3664
3780
3665
8585
3665
8585
8625
3783
3668
8586
8587
3668
8586
8626
3670
3786
3671
8587
8588
3671
8587
8627
3673
3789
3674
8588
8589
3674
8588
8628
3676
3792
3677
8589
8590
3677
8589
8629
3679
3795
3680
8590
8591
3680
8590
8630
3682
3798
3683
8591
8592
3683
8591
8631
3685
3801
3686
8592
8593
3686
8592
8632
3688
3804
3689
8593
8594
3689
8593
8633
3691
3807
3692
8594
8595
3692
8594
8634
3694
3810
3695
8595
8596
3695
8595
8635
3697
3813
3698
8596
8597
3698
8596
8636
3700
3816
3701
8597
8598
3701
8597
8637
3703
3819
3704
8598
8599
3704
8598
8638
3706
3822
3707
8599
8600
3707
8599
8639
3709
3825
3710
8600
8601
3710
8600
8640
3712
3828
3713
8601
8602
3713
8601
8641
3715
3831
3716
8602
8603
3716
8602
8642
3718
3834
3719
8603
8604
3719
8603
8643
3721
3837
3722
8604
8605
3722
8604
8644
3724
3840
3725
8605
8606
3725
8605
8645
3727
3843
3728
8606
8607
3728
8606
8646
3730
3846
3731
8607
8608
3731
8607
8647
3733
3849
3734
8608
8609
3734
8608
8648
3736
3852
3737
8609
8610
3737
8609
8649
3739
3855
3740
8610
8611
3740
8610
8650
3742
3858
3743
8611
8612
3743
8611
8651
3745
3861
3746
8612
8613
3746
8612
8652
3748
3864
3749
8613
8614
3749
8613
8653
3751
3867
3752
8614
8615
3752
8614
8654
3754
3870
3755
8615
8616
3755
8615
8655
3757
3873
3758
8616
8617
3758
8616
8656
3760
3876
3761
8617
8618
3761
8617
8657
3763
3879
3764
8618
8619
3764
8618
8658
3766
3882
3767
8619
8620
3767
8619
8659
3769
3885
3770
8620
8621
3770
8620
8660
3772
3888
3773
8621
8622
3773
8621
8661
3775
3891
3776
8622
8623
3776
8622
8662
3778
3894
3779
8623
8624
3779
8623
8663
3781
3897
3782
8624
8625
3782
8624
8664
3784
3900
3785
8625
3785
8625
8665
3903
3788
8626
8627
3788
8626
8666
3790
3906
3791
8627
8628
3791
8627
8667
3793
3909
3794
8628
8629
3794
8628
8668
3796
3912
3797
8629
8630
3797
8629
8669
3799
3915
3800
8630
8631
3800
8630
8670
3802
3918
3803
8631
8632
3803
8631
8671
3805
3921
3806
8632
8633
3806
8632
8672
3808
3924
3809
8633
8634
3809
8633
8673
3811
3927
3812
8634
8635
3812
8634
8674
3814
3930
3815
8635
8636
3815
8635
8675
3817
3933
3818
8636
8637
3818
8636
8676
3820
3936
3821
8637
8638
3821
8637
8677
3823
3939
3824
8638
8639
3824
8638
8678
3826
3942
3827
8639
8640
3827
8639
8679
3829
3945
3830
8640
8641
3830
8640
8680
3832
3948
3833
8641
8642
3833
8641
8681
3835
3951
3836
8642
8643
3836
8642
8682
3838
3954
3839
8643
8644
3839
8643
8683
3841
3957
3842
8644
8645
3842
8644
8684
3844
3960
3845
8645
8646
3845
8645
8685
3847
3963
3848
8646
8647
3848
8646
8686
3850
3966
3851
8647
8648
3851
8647
8687
3853
3969
3854
8648
8649
3854
8648
8688
3856
3972
3857
8649
8650
3857
8649
8689
3859
3975
3860
8650
8651
3860
8650
8690
3862
3978
3863
8651
8652
3863
8651
8691
3865
3981
3866
8652
8653
3866
8652
8692
3868
3984
3869
8653
8654
3869
8653
8693
3871
3987
3872
8654
8655
3872
8654
8694
3874
3990
3875
8655
8656
3875
8655
8695
3877
3993
3878
8656
8657
3878
8656
8696
3880
3996
3881
8657
8658
3881
8657
8697
3883
3999
3884
8658
8659
3884
8658
8698
3886
4002
3887
8659
8660
3887
8659
8699
3889
4005
3890
8660
8661
3890
8660
8700
3892
4008
3893
8661
8662
3893
8661
8701
3895
4011
3896
8662
8663
3896
8662
8702
3898
4014
3899
8663
8664
3899
8663
8703
3901
4017
3902
8664
8665
3902
8664
8704
3904
4020
3905
8665
3905
8665
8705
4023
3908
8666
8667
3908
8666
8706
3910
4026
3911
8667
8668
3911
8667
8707
3913
4029
3914
8668
8669
3914
8668
8708
3916
4032
3917
8669
8670
3917
8669
8709
3919
4035
3920
8670
8671
3920
8670
8710
3922
4038
3923
8671
8672
3923
8671
8711
3925
4041
3926
8672
8673
3926
8672
8712
3928
4044
3929
8673
8674
3929
8673
8713
3931
4047
3932
8674
8675
3932
8674
8714
3934
4050
3935
8675
8676
3935
8675
8715
3937
4053
3938
8676
8677
3938
8676
8716
3940
4056
3941
8677
8678
3941
8677
8717
3943
4059
3944
8678
8679
3944
8678
8718
3946
4062
3947
8679
8680
3947
8679
8719
3949
4065
3950
8680
8681
3950
8680
8720
3952
4068
3953
8681
8682
3953
8681
8721
3955
4071
3956
8682
8683
3956
8682
8722
3958
4074
3959
8683
8684
3959
8683
8723
3961
4077
3962
8684
8685
3962
8684
8724
3964
4080
3965
8685
8686
3965
8685
8725
3967
4083
3968
8686
8687
3968
8686
8726
3970
4086
3971
8687
8688
3971
8687
8727
3973
4089
3974
8688
8689
3974
8688
8728
3976
4092
3977
8689
8690
3977
8689
8729
3979
4095
3980
8690
8691
3980
8690
8730
3982
4098
3983
8691
8692
3983
8691
8731
3985
4101
3986
8692
8693
3986
8692
8732
3988
4104
3989
8693
8694
3989
8693
8733
3991
4107
3992
8694
8695
3992
8694
8734
3994
4110
3995
8695
8696
3995
8695
8735
3997
4113
3998
8696
8697
3998
8696
8736
4000
4116
4001
8697
8698
4001
8697
8737
4003
4119
4004
8698
8699
4004
8698
8738
4006
4122
4007
8699
8700
4007
8699
8739
4009
4125
4010
8700
8701
4010
8700
8740
4012
4128
4013
8701
8702
4013
8701
8741
4015
4131
4016
8702
8703
4016
8702
8742
4018
4134
4019
8703
8704
4019
8703
8743
4021
4137
4022
8704
8705
4022
8704
8744
4024
4140
4025
8705
4025
8705
8745
4143
4028
8706
8707
4028
8706
8746
4030
4146
4031
8707
8708
4031
8707
8747
4033
4149
4034
8708
8709
4034
8708
8748
4036
4152
4037
8709
8710
4037
8709
8749
4039
4155
4040
8710
8711
4040
8710
8750
4042
4158
4043
8711
8712
4043
8711
8751
4045
4161
4046
8712
8713
4046
8712
8752
4048
4164
4049
8713
8714
4049
8713
8753
4051
4167
4052
8714
8715
4052
8714
8754
4054
4170
4055
8715
8716
4055
8715
8755
4057
4173
4058
8716
8717
4058
8716
8756
4060
4176
4061
8717
8718
4061
8717
8757
4063
4179
4064
8718
8719
4064
8718
8758
4066
4182
4067
8719
8720
4067
8719
8759
4069
4185
4070
8720
8721
4070
8720
8760
4072
4188
4073
8721
8722
4073
8721
8761
4075
4191
4076
8722
8723
4076
8722
8762
4078
4194
4079
8723
8724
4079
8723
8763
4081
4197
4082
8724
8725
4082
8724
8764
4084
4200
4085
8725
8726
4085
8725
8765
4087
4203
4088
8726
8727
4088
8726
8766
4090
4206
4091
8727
8728
4091
8727
8767
4093
4209
4094
8728
8729
4094
8728
8768
4096
4212
4097
8729
8730
4097
8729
8769
4099
4215
4100
8730
8731
4100
8730
8770
4102
4218
4103
8731
8732
4103
8731
8771
4105
4221
4106
8732
8733
4106
8732
8772
4108
4224
4109
8733
8734
4109
8733
8773
4111
4227
4112
8734
8735
4112
8734
8774
4114
4230
4115
8735
8736
4115
8735
8775
4117
4233
4118
8736
8737
4118
8736
8776
4120
4236
4121
8737
8738
4121
8737
8777
4123
4239
4124
8738
8739
4124
8738
8778
4126
4242
4127
8739
8740
4127
8739
8779
4129
4245
4130
8740
8741
4130
8740
8780
4132
4248
4133
8741
8742
4133
8741
8781
4135
4251
4136
8742
8743
4136
8742
8782
4138
4254
4139
8743
8744
4139
8743
8783
4141
4257
4142
8744
8745
4142
8744
8784
4144
4260
4145
8745
4145
8745
8785
4263
4148
8746
8747
4148
8746
8786
4150
4266
4151
8747
8748
4151
8747
8787
4153
4269
4154
8748
8749
4154
8748
8788
4156
4272
4157
8749
8750
4157
8749
8789
4159
4275
4160
8750
8751
4160
8750
8790
4162
4278
4163
8751
8752
4163
8751
8791
4165
4281
4166
8752
8753
4166
8752
8792
4168
4284
4169
8753
8754
4169
8753
8793
4171
4287
4172
8754
8755
4172
8754
8794
4174
4290
4175
8755
8756
4175
8755
8795
4177
4293
4178
8756
8757
4178
8756
8796
4180
4296
4181
8757
8758
4181
8757
8797
4183
4299
4184
8758
8759
4184
8758
8798
4186
4302
4187
8759
8760
4187
8759
8799
4189
4305
4190
8760
8761
4190
8760
8800
4192
4308
4193
8761
8762
4193
8761
8801
4195
4311
4196
8762
8763
4196
8762
8802
4198
4314
4199
8763
8764
4199
8763
8803
4201
4317
4202
8764
8765
4202
8764
8804
4204
4320
4205
8765
8766
4205
8765
8805
4207
4323
4208
8766
8767
4208
8766
8806
4210
4326
4211
8767
8768
4211
8767
8807
4213
4329
4214
8768
8769
4214
8768
8808
4216
4332
4217
8769
8770
4217
8769
8809
4219
4335
4220
8770
8771
4220
8770
8810
4222
4338
4223
8771
8772
4223
8771
8811
4225
4341
4226
8772
8773
4226
8772
8812
4228
4344
4229
8773
8774
4229
8773
8813
4231
4347
4232
8774
8775
4232
8774
8814
4234
4350
4235
8775
8776
4235
8775
8815
4237
4353
4238
8776
8777
4238
8776
8816
4240
4356
4241
8777
8778
4241
8777
8817
4243
4359
4244
8778
8779
4244
8778
8818
4246
4362
4247
8779
8780
4247
8779
8819
4249
4365
4250
8780
8781
4250
8780
8820
4252
4368
4253
8781
8782
4253
8781
8821
4255
4371
4256
8782
8783
4256
8782
8822
4258
4374
4259
8783
8784
4259
8783
8823
4261
4377
4262
8784
8785
4262
8784
8824
4264
4380
4265
8785
4265
8785
8825
4383
4268
8786
8787
4268
8786
8826
4270
4387
4271
8787
8788
4271
8787
8827
4273
4390
4274
8788
8789
4274
8788
8828
4276
4393
4277
8789
8790
4277
8789
8829
4279
4396
4280
8790
8791
4280
8790
8830
4282
4399
4283
8791
8792
4283
8791
8831
4285
4402
4286
8792
8793
4286
8792
8832
4288
4405
4289
8793
8794
4289
8793
8833
4291
4408
4292
8794
8795
4292
8794
8834
4294
4411
4295
8795
8796
4295
8795
8835
4297
4414
4298
8796
8797
4298
8796
8836
4300
4417
4301
8797
8798
4301
8797
8837
4303
4420
4304
8798
8799
4304
8798
8838
4306
4423
4307
8799
8800
4307
8799
8839
4309
4426
4310
8800
8801
4310
8800
8840
4312
4429
4313
8801
8802
4313
8801
8841
4315
4432
4316
8802
8803
4316
8802
8842
4318
4435
4319
8803
8804
4319
8803
8843
4321
4438
4322
8804
8805
4322
8804
8844
4324
4441
4325
8805
8806
4325
8805
8845
4327
4444
4328
8806
8807
4328
8806
8846
4330
4447
4331
8807
8808
4331
8807
8847
4333
4450
4334
8808
8809
4334
8808
8848
4336
4453
4337
8809
8810
4337
8809
8849
4339
4456
4340
8810
8811
4340
8810
8850
4342
4459
4343
8811
8812
4343
8811
8851
4345
4462
4346
8812
8813
4346
8812
8852
4348
4465
4349
8813
8814
4349
8813
8853
4351
4468
4352
8814
8815
4352
8814
8854
4354
4471
4355
8815
8816
4355
8815
8855
4357
4474
4358
8816
8817
4358
8816
8856
4360
4477
4361
8817
8818
4361
8817
8857
4363
4480
4364
8818
8819
4364
8818
8858
4366
4483
4367
8819
8820
4367
8819
8859
4369
4486
4370
8820
8821
4370
8820
8860
4372
4489
4373
8821
8822
4373
8821
8861
4375
4492
4376
8822
8823
4376
8822
8862
4378
4495
4379
8823
8824
4379
8823
8863
4381
4498
4382
8824
8825
4382
8824
8864
4384
4501
4385
8825
4385
8825
8865
4504
4388
4507
4389
8826
8827
4389
8826
8867
4391
4510
4392
8827
8828
4392
8827
8868
4394
4513
4395
8828
8829
4395
8828
8869
4397
4516
4398
8829
8830
4398
8829
8870
4400
4519
4401
8830
8831
4401
8830
8871
4403
4522
4404
8831
8832
4404
8831
8872
4406
4525
4407
8832
8833
4407
8832
8873
4409
4528
4410
8833
8834
4410
8833
8874
4412
4531
4413
8834
8835
4413
8834
8875
4415
4534
4416
8835
8836
4416
8835
8876
4418
4537
4419
8836
8837
4419
8836
8877
4421
4540
4422
8837
8838
4422
8837
8878
4424
4543
4425
8838
8839
4425
8838
8879
4427
4546
4428
8839
8840
4428
8839
8880
4430
4549
4431
8840
8841
4431
8840
8881
4433
4552
4434
8841
8842
4434
8841
8882
4436
4555
4437
8842
8843
4437
8842
8883
4439
4558
4440
8843
8844
4440
8843
8884
4442
4561
4443
8844
8845
4443
8844
8885
4445
4564
4446
8845
8846
4446
8845
8886
4448
4567
4449
8846
8847
4449
8846
8887
4451
4570
4452
8847
8848
4452
8847
8888
4454
4573
4455
8848
8849
4455
8848
8889
4457
4576
4458
8849
8850
4458
8849
8890
4460
4579
4461
8850
8851
4461
8850
8891
4463
4582
4464
8851
8852
4464
8851
8892
4466
4585
4467
8852
8853
4467
8852
8893
4469
4588
4470
8853
8854
4470
8853
8894
4472
4591
4473
8854
8855
4473
8854
8895
4475
4594
4476
8855
8856
4476
8855
8896
4478
4597
4479
8856
8857
4479
8856
8897
4481
4600
4482
8857
8858
4482
8857
8898
4484
4603
4485
8858
8859
4485
8858
8899
4487
4606
4488
8859
8860
4488
8859
8900
4490
4609
4491
8860
8861
4491
8860
8901
4493
4612
4494
8861
8862
4494
8861
8902
4496
4615
4497
8862
8863
4497
8862
8903
4499
4618
4500
8863
8864
4500
8863
8904
4502
4621
4503
8864
8865
4503
8864
8905
4505
4624
4506
8865
4506
8865
8906
4627
4509
8866
8867
4509
8866
8907
4511
4630
4512
8867
8868
4512
8867
8908
4514
4633
4515
8868
8869
4515
8868
8909
4517
4636
4518
8869
8870
4518
8869
8910
4520
4639
4521
8870
8871
4521
8870
8911
4523
4642
4524
8871
8872
4524
8871
8912
4526
4645
4527
8872
8873
4527
8872
8913
4529
4648
4530
8873
8874
4530
8873
8914
4532
4651
4533
8874
8875
4533
8874
8915
4535
4654
4536
8875
8876
4536
8875
8916
4538
4657
4539
8876
8877
4539
8876
8917
4541
4660
4542
8877
8878
4542
8877
8918
4544
4663
4545
8878
8879
4545
8878
8919
4547
4666
4548
8879
8880
4548
8879
8920
4550
4669
4551
8880
8881
4551
8880
8921
4553
4672
4554
8881
8882
4554
8881
8922
4556
4675
4557
8882
8883
4557
8882
8923
4559
4678
4560
8883
8884
4560
8883
8924
4562
4681
4563
8884
8885
4563
8884
8925
4565
4684
4566
8885
8886
4566
8885
8926
4568
4687
4569
8886
8887
4569
8886
8927
4571
4690
4572
8887
8888
4572
8887
8928
4574
4693
4575
8888
8889
4575
8888
8929
4577
4696
4578
8889
8890
4578
8889
8930
4580
4699
4581
8890
8891
4581
8890
8931
4583
4702
4584
8891
8892
4584
8891
8932
4586
4705
4587
8892
8893
4587
8892
8933
4589
4708
4590
8893
8894
4590
8893
8934
4592
4711
4593
8894
8895
4593
8894
8935
4595
4714
4596
8895
8896
4596
8895
8936
4598
4717
4599
8896
8897
4599
8896
8937
4601
4720
4602
8897
8898
4602
8897
8938
4604
4723
4605
8898
8899
4605
8898
8939
4607
4726
4608
8899
8900
4608
8899
8940
4610
4729
4611
8900
8901
4611
8900
8941
4613
4732
4614
8901
8902
4614
8901
8942
4616
4735
4617
8902
8903
4617
8902
8943
4619
4738
4620
8903
8904
4620
8903
8944
4622
4741
4623
8904
8905
4623
8904
8945
4625
4744
4626
8905
8906
4626
8905
8946
4628
4747
4629
8906
4629
8906
8947
4750
4632
8907
8908
4632
8907
8948
4634
4753
4635
8908
8909
4635
8908
8949
4637
4756
4638
8909
8910
4638
8909
8950
4640
4759
4641
8910
8911
4641
8910
8951
4643
4762
4644
8911
8912
4644
8911
8952
4646
4765
4647
8912
8913
4647
8912
8953
4649
4768
4650
8913
8914
4650
8913
8954
4652
4771
4653
8914
8915
4653
8914
8955
4655
4774
4656
8915
8916
4656
8915
8956
4658
4777
4659
8916
8917
4659
8916
8957
4661
4780
4662
8917
8918
4662
8917
8958
4664
4783
4665
8918
8919
4665
8918
8959
4667
4786
4668
8919
8920
4668
8919
8960
4670
4789
4671
8920
8921
4671
8920
8961
4673
4792
4674
8921
8922
4674
8921
8962
4676
4795
4677
8922
8923
4677
8922
8963
4679
4798
4680
8923
8924
4680
8923
8964
4682
4801
4683
8924
8925
4683
8924
8965
4685
4804
4686
8925
8926
4686
8925
8966
4688
4807
4689
8926
8927
4689
8926
8967
4691
4810
4692
8927
8928
4692
8927
8968
4694
4813
4695
8928
8929
4695
8928
8969
4697
4816
4698
8929
8930
4698
8929
8970
4700
4819
4701
8930
8931
4701
8930
8971
4703
4822
4704
8931
8932
4704
8931
8972
4706
4825
4707
8932
8933
4707
8932
8973
4709
4828
4710
8933
8934
4710
8933
8974
4712
4831
4713
8934
8935
4713
8934
8975
4715
4834
4716
8935
8936
4716
8935
8976
4718
4837
4719
8936
8937
4719
8936
8977
4721
4840
4722
8937
8938
4722
8937
8978
4724
4843
4725
8938
8939
4725
8938
8979
4727
4846
4728
8939
8940
4728
8939
8980
4730
4849
4731
8940
8941
4731
8940
8981
4733
4852
4734
8941
8942
4734
8941
8982
4736
4855
4737
8942
8943
4737
8942
8983
4739
4858
4740
8943
8944
4740
8943
8984
4742
4861
4743
8944
8945
4743
8944
8985
4745
4864
4746
8945
8946
4746
8945
8986
4748
4867
4749
8946
8947
4749
8946
8987
4751
4870
4752
8947
4752
8947
8988
4873
4755
8948
8949
4755
8948
8989
4757
4876
4758
8949
8950
4758
8949
8990
4760
4879
4761
8950
8951
4761
8950
8991
4763
4882
4764
8951
8952
4764
8951
8992
4766
4885
4767
8952
8953
4767
8952
8993
4769
4888
4770
8953
8954
4770
8953
8994
4772
4891
4773
8954
8955
4773
8954
8995
4775
4894
4776
8955
8956
4776
8955
8996
4778
4897
4779
8956
8957
4779
8956
8997
4781
4900
4782
8957
8958
4782
8957
8998
4784
4903
4785
8958
8959
4785
8958
8999
4787
4906
4788
8959
8960
4788
8959
9000
4790
4909
4791
8960
8961
4791
8960
9001
4793
4912
4794
8961
8962
4794
8961
9002
4796
4915
4797
8962
8963
4797
8962
9003
4799
4918
4800
8963
8964
4800
8963
9004
4802
4921
4803
8964
8965
4803
8964
9005
4805
4924
4806
8965
8966
4806
8965
9006
4808
4927
4809
8966
8967
4809
8966
9007
4811
4930
4812
8967
8968
4812
8967
9008
4814
4933
4815
8968
8969
4815
8968
9009
4817
4936
4818
8969
8970
4818
8969
9010
4820
4939
4821
8970
8971
4821
8970
9011
4823
4942
4824
8971
8972
4824
8971
9012
4826
4945
4827
8972
8973
4827
8972
9013
4829
4948
4830
8973
8974
4830
8973
9014
4832
4951
4833
8974
8975
4833
8974
9015
4835
4954
4836
8975
8976
4836
8975
9016
4838
4957
4839
8976
8977
4839
8976
9017
4841
4960
4842
8977
8978
4842
8977
9018
4844
4963
4845
8978
8979
4845
8978
9019
4847
4966
4848
8979
8980
4848
8979
9020
4850
4969
4851
8980
8981
4851
8980
9021
4853
4972
4854
8981
8982
4854
8981
9022
4856
4975
4857
8982
8983
4857
8982
9023
4859
4978
4860
8983
8984
4860
8983
9024
4862
4981
4863
8984
8985
4863
8984
9025
4865
4984
4866
8985
8986
4866
8985
9026
4868
4987
4869
8986
8987
4869
8986
9027
4871
4990
4872
8987
8988
4872
8987
9028
4874
4993
4875
8988
4875
8988
9029
4996
4878
8989
8990
4878
8989
9030
4880
4999
4881
8990
8991
4881
8990
9031
4883
5002
4884
8991
8992
4884
8991
9032
4886
5005
4887
8992
8993
4887
8992
9033
4889
5008
4890
8993
8994
4890
8993
9034
4892
5011
4893
8994
8995
4893
8994
9035
4895
5014
4896
8995
8996
4896
8995
9036
4898
5017
4899
8996
8997
4899
8996
9037
4901
5020
4902
8997
8998
4902
8997
9038
4904
5023
4905
8998
8999
4905
8998
9039
4907
5026
4908
8999
9000
4908
8999
9040
4910
5029
4911
9000
9001
4911
9000
9041
4913
5032
4914
9001
9002
4914
9001
9042
4916
5035
4917
9002
9003
4917
9002
9043
4919
5038
4920
9003
9004
4920
9003
9044
4922
5041
4923
9004
9005
4923
9004
9045
4925
5044
4926
9005
9006
4926
9005
9046
4928
5047
4929
9006
9007
4929
9006
9047
4931
5050
4932
9007
9008
4932
9007
9048
4934
5053
4935
9008
9009
4935
9008
9049
4937
5056
4938
9009
9010
4938
9009
9050
4940
5059
4941
9010
9011
4941
9010
9051
4943
5062
4944
9011
9012
4944
9011
9052
4946
5065
4947
9012
9013
4947
9012
9053
4949
5068
4950
9013
9014
4950
9013
9054
4952
5071
4953
9014
9015
4953
9014
9055
4955
5074
4956
9015
9016
4956
9015
9056
4958
5077
4959
9016
9017
4959
9016
9057
4961
5080
4962
9017
9018
4962
9017
9058
4964
5083
4965
9018
9019
4965
9018
9059
4967
5086
4968
9019
9020
4968
9019
9060
4970
5089
4971
9020
9021
4971
9020
9061
4973
5092
4974
9021
9022
4974
9021
9062
4976
5095
4977
9022
9023
4977
9022
9063
4979
5098
4980
9023
9024
4980
9023
9064
4982
5101
4983
9024
9025
4983
9024
9065
4985
5104
4986
9025
9026
4986
9025
9066
4988
5107
4989
9026
9027
4989
9026
9067
4991
5110
4992
9027
9028
4992
9027
9068
4994
5113
4995
9028
9029
4995
9028
9069
4997
5116
4998
9029
4998
9029
9070
5119
5001
9030
9031
5001
9030
9071
5003
5125
5004
9031
9032
5004
9031
9072
5006
5128
5007
9032
9033
5007
9032
9073
5009
5131
5010
9033
9034
5010
9033
9074
5012
5134
5013
9034
9035
5013
9034
9075
5015
5137
5016
9035
9036
5016
9035
9076
5018
5140
5019
9036
9037
5019
9036
9077
5021
5143
5022
9037
9038
5022
9037
9078
5024
5146
5025
9038
9039
5025
9038
9079
5027
5149
5028
9039
9040
5028
9039
9080
5030
5152
5031
9040
9041
5031
9040
9081
5033
5155
5034
9041
9042
5034
9041
9082
5036
5158
5037
9042
9043
5037
9042
9083
5039
5161
5040
9043
9044
5040
9043
9084
5042
5164
5043
9044
9045
5043
9044
9085
5045
5167
5046
9045
9046
5046
9045
9086
5048
5170
5049
9046
9047
5049
9046
9087
5051
5173
5052
9047
9048
5052
9047
9088
5054
5176
5055
9048
9049
5055
9048
9089
5057
5179
5058
9049
9050
5058
9049
9090
5060
5182
5061
9050
9051
5061
9050
9091
5063
5185
5064
9051
9052
5064
9051
9092
5066
5188
5067
9052
9053
5067
9052
9093
5069
5191
5070
9053
9054
5070
9053
9094
5072
5194
5073
9054
9055
5073
9054
9095
5075
5197
5076
9055
9056
5076
9055
9096
5078
5200
5079
9056
9057
5079
9056
9097
5081
5203
5082
9057
9058
5082
9057
9098
5084
5206
5085
9058
9059
5085
9058
9099
5087
5209
5088
9059
9060
5088
9059
9100
5090
5212
5091
9060
9061
5091
9060
9101
5093
5215
5094
9061
9062
5094
9061
9102
5096
5218
5097
9062
9063
5097
9062
9103
5099
5221
5100
9063
9064
5100
9063
9104
5102
5224
5103
9064
9065
5103
9064
9105
5105
5227
5106
9065
9066
5106
9065
9106
5108
5230
5109
9066
9067
5109
9066
9107
5111
5233
5112
9067
9068
5112
9067
9108
5114
5236
5115
9068
9069
5115
9068
9109
5117
5239
5118
9069
9070
5118
9069
9110
5120
5242
5121
9070
5121
9070
9111
5122
5245
9112
5124
9071
5126
5249
5127
9071
9072
5127
9071
9113
5129
5251
5130
9072
9073
5130
9072
9114
5132
5254
5133
9073
9074
5133
9073
9115
5135
5257
5136
9074
9075
5136
9074
9116
5138
5260
5139
9075
9076
5139
9075
9117
5141
5263
5142
9076
9077
5142
9076
9118
5144
5266
5145
9077
9078
5145
9077
9119
5147
5269
5148
9078
9079
5148
9078
9120
5150
5272
5151
9079
9080
5151
9079
9121
5153
5275
5154
9080
9081
5154
9080
9122
5156
5278
5157
9081
9082
5157
9081
9123
5159
5281
5160
9082
9083
5160
9082
9124
5162
5284
5163
9083
9084
5163
9083
9125
5165
5287
5166
9084
9085
5166
9084
9126
5168
5290
5169
9085
9086
5169
9085
9127
5171
5293
5172
9086
9087
5172
9086
9128
5174
5296
5175
9087
9088
5175
9087
9129
5177
5299
5178
9088
9089
5178
9088
9130
5180
5302
5181
9089
9090
5181
9089
9131
5183
5305
5184
9090
9091
5184
9090
9132
5186
5308
5187
9091
9092
5187
9091
9133
5189
5311
5190
9092
9093
5190
9092
9134
5192
5314
5193
9093
9094
5193
9093
9135
5195
5317
5196
9094
9095
5196
9094
9136
5198
5320
5199
9095
9096
5199
9095
9137
5201
5323
5202
9096
9097
5202
9096
9138
5204
5326
5205
9097
9098
5205
9097
9139
5207
5329
5208
9098
9099
5208
9098
9140
5210
5332
5211
9099
9100
5211
9099
9141
5213
5335
5214
9100
9101
5214
9100
9142
5216
5338
5217
9101
9102
5217
9101
9143
5219
5341
5220
9102
9103
5220
9102
9144
5222
5344
5223
9103
9104
5223
9103
9145
5225
5347
5226
9104
9105
5226
9104
9146
5228
5350
5229
9105
9106
5229
9105
9147
5231
5353
5232
9106
9107
5232
9106
9148
5234
5356
5235
9107
9108
5235
9107
9149
5237
5359
5238
9108
9109
5238
9108
9150
5240
5362
5241
9109
9110
5241
9109
9151
5243
5365
5244
9110
9111
5244
9110
9152
5246
5368
5247
9111
9112
5247
9111
9153
5248
5371
9112
9154
5250
9113
5252
5375
5253
9113
9114
5253
9113
9155
5255
5377
5256
9114
9115
5256
9114
9156
5258
5380
5259
9115
9116
5259
9115
9157
5261
5383
5262
9116
9117
5262
9116
9158
5264
5386
5265
9117
9118
5265
9117
9159
5267
5389
5268
9118
9119
5268
9118
9160
5270
5392
5271
9119
9120
5271
9119
9161
5273
5395
5274
9120
9121
5274
9120
9162
5276
5398
5277
9121
9122
5277
9121
9163
5279
5401
5280
9122
9123
5280
9122
9164
5282
5404
5283
9123
9124
5283
9123
9165
5285
5407
5286
9124
9125
5286
9124
9166
5288
5410
5289
9125
9126
5289
9125
9167
5291
5413
5292
9126
9127
5292
9126
9168
5294
5416
5295
9127
9128
5295
9127
9169
5297
5419
5298
9128
9129
5298
9128
9170
5300
5422
5301
9129
9130
5301
9129
9171
5303
5425
5304
9130
9131
5304
9130
9172
5306
5428
5307
9131
9132
5307
9131
9173
5309
5431
5310
9132
9133
5310
9132
9174
5312
5434
5313
9133
9134
5313
9133
9175
5315
5437
5316
9134
9135
5316
9134
9176
5318
5440
5319
9135
9136
5319
9135
9177
5321
5443
5322
9136
9137
5322
9136
9178
5324
5446
5325
9137
9138
5325
9137
9179
5327
5449
5328
9138
9139
5328
9138
9180
5330
5452
5331
9139
9140
5331
9139
9181
5333
5455
5334
9140
9141
5334
9140
9182
5336
5458
5337
9141
9142
5337
9141
9183
5339
5461
5340
9142
9143
5340
9142
9184
5342
5464
5343
9143
9144
5343
9143
9185
5345
5467
5346
9144
9145
5346
9144
9186
5348
5470
5349
9145
9146
5349
9145
9187
5351
5473
5352
9146
9147
5352
9146
9188
5354
5476
5355
9147
9148
5355
9147
9189
5357
5479
5358
9148
9149
5358
9148
9190
5360
5482
5361
9149
9150
5361
9149
9191
5363
5485
5364
9150
9151
5364
9150
9192
5366
5488
5367
9151
9152
5367
9151
9193
5369
5491
5370
9152
9153
5370
9152
9194
5372
5494
5373
9153
9154
5373
9153
9195
5374
5497
9154
9196
5376
9155
5378
5508
5379
9155
9156
5379
9155
9197
5381
5510
5382
9156
9157
5382
9156
9198
5384
5513
5385
9157
9158
5385
9157
9199
5387
5516
5388
9158
9159
5388
9158
9200
5390
5519
5391
9159
9160
5391
9159
9201
5393
5522
5394
9160
9161
5394
9160
9202
5396
5525
5397
9161
9162
5397
9161
9203
5399
5528
5400
9162
9163
5400
9162
9204
5402
5531
5403
9163
9164
5403
9163
9205
5405
5534
5406
9164
9165
5406
9164
9206
5408
5537
5409
9165
9166
5409
9165
9207
5411
5540
5412
9166
9167
5412
9166
9208
5414
5543
5415
9167
9168
5415
9167
9209
5417
5546
5418
9168
9169
5418
9168
9210
5420
5549
5421
9169
9170
5421
9169
9211
5423
5552
5424
9170
9171
5424
9170
9212
5426
5555
5427
9171
9172
5427
9171
9213
5429
5558
5430
9172
9173
5430
9172
9214
5432
5561
5433
9173
9174
5433
9173
9215
5435
5564
5436
9174
9175
5436
9174
9216
5438
5567
5439
9175
9176
5439
9175
9217
5441
5570
5442
9176
9177
5442
9176
9218
5444
5573
5445
9177
9178
5445
9177
9219
5447
5576
5448
9178
9179
5448
9178
9220
5450
5579
5451
9179
9180
5451
9179
9221
5453
5582
5454
9180
9181
5454
9180
9222
5456
5585
5457
9181
9182
5457
9181
9223
5459
5588
5460
9182
9183
5460
9182
9224
5462
5591
5463
9183
9184
5463
9183
9225
5465
5594
5466
9184
9185
5466
9184
9226
5468
5597
5469
9185
9186
5469
9185
9227
5471
5600
5472
9186
9187
5472
9186
9228
5474
5603
5475
9187
9188
5475
9187
9229
5477
5606
5478
9188
9189
5478
9188
9230
5480
5609
5481
9189
9190
5481
9189
9231
5483
5612
5484
9190
9191
5484
9190
9232
5486
5615
5487
9191
9192
5487
9191
9233
5489
5618
5490
9192
9193
5490
9192
9234
5492
5621
5493
9193
9194
5493
9193
9235
5495
5624
5496
9194
9195
5496
9194
9236
5498
5627
5499
9195
9196
5499
9195
9237
5501
5630
5502
9196
5502
9196
9238
5503
5633
5504
9239
5505
5636
5506
9240
5507
5639
9241
5509
9197
5511
5643
5512
9197
9198
5512
9197
9242
5514
5645
5515
9198
9199
5515
9198
9243
5517
5648
5518
9199
9200
5518
9199
9244
5520
5651
5521
9200
9201
5521
9200
9245
5523
5654
5524
9201
9202
5524
9201
9246
5526
5657
5527
9202
9203
5527
9202
9247
5529
5660
5530
9203
9204
5530
9203
9248
5532
5663
5533
9204
9205
5533
9204
9249
5535
5666
5536
9205
9206
5536
9205
9250
5538
5669
5539
9206
9207
5539
9206
9251
5541
5672
5542
9207
9208
5542
9207
9252
5544
5675
5545
9208
9209
5545
9208
9253
5547
5678
5548
9209
9210
5548
9209
9254
5550
5681
5551
9210
9211
5551
9210
9255
5553
5684
5554
9211
9212
5554
9211
9256
5556
5687
5557
9212
9213
5557
9212
9257
5559
5690
5560
9213
9214
5560
9213
9258
5562
5693
5563
9214
9215
5563
9214
9259
5565
5696
5566
9215
9216
5566
9215
9260
5568
5699
5569
9216
9217
5569
9216
9261
5571
5702
5572
9217
9218
5572
9217
9262
5574
5705
5575
9218
9219
5575
9218
9263
5577
5708
5578
9219
9220
5578
9219
9264
5580
5711
5581
9220
9221
5581
9220
9265
5583
5714
5584
9221
9222
5584
9221
9266
5586
5717
5587
9222
9223
5587
9222
9267
5589
5720
5590
9223
9224
5590
9223
9268
5592
5723
5593
9224
9225
5593
9224
9269
5595
5726
5596
9225
9226
5596
9225
9270
5598
5729
5599
9226
9227
5599
9226
9271
5601
5732
5602
9227
9228
5602
9227
9272
5604
5735
5605
9228
9229
5605
9228
9273
5607
5738
5608
9229
9230
5608
9229
9274
5610
5741
5611
9230
9231
5611
9230
9275
5613
5744
5614
9231
9232
5614
9231
9276
5616
5747
5617
9232
9233
5617
9232
9277
5619
5750
5620
9233
9234
5620
9233
9278
5622
5753
5623
9234
9235
5623
9234
9279
5625
5756
5626
9235
9236
5626
9235
9280
5628
5759
5629
9236
9237
5629
9236
9281
5631
5762
5632
9237
9238
5632
9237
9282
5634
5765
5635
9238
9239
5635
9238
9283
5637
5768
5638
9239
9240
5638
9239
9284
5640
5771
5641
9240
9241
5641
9240
9285
5642
5774
9241
9286
5644
9242
5646
5778
5647
9242
9243
5647
9242
9287
5649
5780
5650
9243
9244
5650
9243
9288
5652
5783
5653
9244
9245
5653
9244
9289
5655
5786
5656
9245
9246
5656
9245
9290
5658
5789
5659
9246
9247
5659
9246
9291
5661
5792
5662
9247
9248
5662
9247
9292
5664
5795
5665
9248
9249
5665
9248
9293
5667
5798
5668
9249
9250
5668
9249
9294
5670
5801
5671
9250
9251
5671
9250
9295
5673
5804
5674
9251
9252
5674
9251
9296
5676
5807
5677
9252
9253
5677
9252
9297
5679
5810
5680
9253
9254
5680
9253
9298
5682
5813
5683
9254
9255
5683
9254
9299
5685
5816
5686
9255
9256
5686
9255
9300
5688
5819
5689
9256
9257
5689
9256
9301
5691
5822
5692
9257
9258
5692
9257
9302
5694
5825
5695
9258
9259
5695
9258
9303
5697
5828
5698
9259
9260
5698
9259
9304
5700
5831
5701
9260
9261
5701
9260
9305
5703
5834
5704
9261
9262
5704
9261
9306
5706
5837
5707
9262
9263
5707
9262
9307
5709
5840
5710
9263
9264
5710
9263
9308
5712
5843
5713
9264
9265
5713
9264
9309
5715
5846
5716
9265
9266
5716
9265
9310
5718
5849
5719
9266
9267
5719
9266
9311
5721
5852
5722
9267
9268
5722
9267
9312
5724
5855
5725
9268
9269
5725
9268
9313
5727
5858
5728
9269
9270
5728
9269
9314
5730
5861
5731
9270
9271
5731
9270
9315
5733
5864
5734
9271
9272
5734
9271
9316
5736
5867
5737
9272
9273
5737
9272
9317
5739
5870
5740
9273
9274
5740
9273
9318
5742
5873
5743
9274
9275
5743
9274
9319
5745
5876
5746
9275
9276
5746
9275
9320
5748
5879
5749
9276
9277
5749
9276
9321
5751
5882
5752
9277
9278
5752
9277
9322
5754
5885
5755
9278
9279
5755
9278
9323
5757
5888
5758
9279
9280
5758
9279
9324
5760
5891
5761
9280
9281
5761
9280
9325
5763
5894
5764
9281
9282
5764
9281
9326
5766
5897
5767
9282
9283
5767
9282
9327
5769
5900
5770
9283
9284
5770
9283
9328
5772
5903
5773
9284
9285
5773
9284
9329
5775
5906
5776
9285
9286
5776
9285
9330
5777
5909
9286
9331
5779
9287
5781
5913
5782
9287
9288
5782
9287
9332
5784
5915
5785
9288
9289
5785
9288
9333
5787
5918
5788
9289
9290
5788
9289
9334
5790
5921
5791
9290
9291
5791
9290
9335
5793
5924
5794
9291
9292
5794
9291
9336
5796
5927
5797
9292
9293
5797
9292
9337
5799
5930
5800
9293
9294
5800
9293
9338
5802
5933
5803
9294
9295
5803
9294
9339
5805
5936
5806
9295
9296
5806
9295
9340
5808
5939
5809
9296
9297
5809
9296
9341
5811
5942
5812
9297
9298
5812
9297
9342
5814
5945
5815
9298
9299
5815
9298
9343
5817
5948
5818
9299
9300
5818
9299
9344
5820
5951
5821
9300
9301
5821
9300
9345
5823
5954
5824
9301
9302
5824
9301
9346
5826
5957
5827
9302
9303
5827
9302
9347
5829
5960
5830
9303
9304
5830
9303
9348
5832
5963
5833
9304
9305
5833
9304
9349
5835
5966
5836
9305
9306
5836
9305
9350
5838
5969
5839
9306
9307
5839
9306
9351
5841
5972
5842
9307
9308
5842
9307
9352
5844
5975
5845
9308
9309
5845
9308
9353
5847
5978
5848
9309
9310
5848
9309
9354
5850
5981
5851
9310
9311
5851
9310
9355
5853
5984
5854
9311
9312
5854
9311
9356
5856
5987
5857
9312
9313
5857
9312
9357
5859
5990
5860
9313
9314
5860
9313
9358
5862
5993
5863
9314
9315
5863
9314
9359
5865
5996
5866
9315
9316
5866
9315
9360
5868
5999
5869
9316
9317
5869
9316
9361
5871
6002
5872
9317
9318
5872
9317
9362
5874
6005
5875
9318
9319
5875
9318
9363
5877
6008
5878
9319
9320
5878
9319
9364
5880
6011
5881
9320
9321
5881
9320
9365
5883
6014
5884
9321
9322
5884
9321
9366
5886
6017
5887
9322
9323
5887
9322
9367
5889
6020
5890
9323
9324
5890
9323
9368
5892
6023
5893
9324
9325
5893
9324
9369
5895
6026
5896
9325
9326
5896
9325
9370
5898
6029
5899
9326
9327
5899
9326
9371
5901
6032
5902
9327
9328
5902
9327
9372
5904
6035
5905
9328
9329
5905
9328
9373
5907
6038
5908
9329
9330
5908
9329
9374
5910
6041
5911
9330
9331
5911
9330
9375
5912
6044
9331
9376
5914
9332
5916
6048
5917
9332
9333
5917
9332
9378
5919
6051
5920
9333
9334
5920
9333
9379
5922
6054
5923
9334
9335
5923
9334
9380
5925
6057
5926
9335
9336
5926
9335
9381
5928
6060
5929
9336
9337
5929
9336
9382
5931
6063
5932
9337
9338
5932
9337
9383
5934
6066
5935
9338
9339
5935
9338
9384
5937
6069
5938
9339
9340
5938
9339
9385
5940
6072
5941
9340
9341
5941
9340
9386
5943
6075
5944
9341
9342
5944
9341
9387
5946
6078
5947
9342
9343
5947
9342
9388
5949
6081
5950
9343
9344
5950
9343
9389
5952
6084
5953
9344
9345
5953
9344
9390
5955
6087
5956
9345
9346
5956
9345
9391
5958
6090
5959
9346
9347
5959
9346
9392
5961
6093
5962
9347
9348
5962
9347
9393
5964
6096
5965
9348
9349
5965
9348
9394
5967
6099
5968
9349
9350
5968
9349
9395
5970
6102
5971
9350
9351
5971
9350
9396
5973
6105
5974
9351
9352
5974
9351
9397
5976
6108
5977
9352
9353
5977
9352
9398
5979
6111
5980
9353
9354
5980
9353
9399
5982
6114
5983
9354
9355
5983
9354
9400
5985
6117
5986
9355
9356
5986
9355
9401
5988
6120
5989
9356
9357
5989
9356
9402
5991
6123
5992
9357
9358
5992
9357
9403
5994
6126
5995
9358
9359
5995
9358
9404
5997
6129
5998
9359
9360
5998
9359
9405
6000
6132
6001
9360
9361
6001
9360
9406
6003
6135
6004
9361
9362
6004
9361
9407
6006
6138
6007
9362
9363
6007
9362
9408
6009
6141
6010
9363
9364
6010
9363
9409
6012
6144
6013
9364
9365
6013
9364
9410
6015
6147
6016
9365
9366
6016
9365
9411
6018
6150
6019
9366
9367
6019
9366
9412
6021
6153
6022
9367
9368
6022
9367
9413
6024
6156
6025
9368
9369
6025
9368
9414
6027
6159
6028
9369
9370
6028
9369
9415
6030
6162
6031
9370
9371
6031
9370
9416
6033
6165
6034
9371
9372
6034
9371
9417
6036
6168
6037
9372
9373
6037
9372
9418
6039
6171
6040
9373
9374
6040
9373
9419
6042
6174
6043
9374
9375
6043
9374
9420
6045
6177
6046
9375
9376
6046
9375
9421
6047
6180
9376
9422
6050
9377
9378
6050
9377
9423
6052
6184
6053
9378
9379
6053
9378
9424
6055
6187
6056
9379
9380
6056
9379
9425
6058
6190
6059
9380
9381
6059
9380
9426
6061
6193
6062
9381
9382
6062
9381
9427
6064
6196
6065
9382
9383
6065
9382
9428
6067
6199
6068
9383
9384
6068
9383
9429
6070
6202
6071
9384
9385
6071
9384
9430
6073
6205
6074
9385
9386
6074
9385
9431
6076
6208
6077
9386
9387
6077
9386
9432
6079
6211
6080
9387
9388
6080
9387
9433
6082
6214
6083
9388
9389
6083
9388
9434
6085
6217
6086
9389
9390
6086
9389
9435
6088
6220
6089
9390
9391
6089
9390
9436
6091
6223
6092
9391
9392
6092
9391
9437
6094
6226
6095
9392
9393
6095
9392
9438
6097
6229
6098
9393
9394
6098
9393
9439
6100
6232
6101
9394
9395
6101
9394
9440
6103
6235
6104
9395
9396
6104
9395
9441
6106
6238
6107
9396
9397
6107
9396
9442
6109
6241
6110
9397
9398
6110
9397
9443
6112
6244
6113
9398
9399
6113
9398
9444
6115
6247
6116
9399
9400
6116
9399
9445
6118
6250
6119
9400
9401
6119
9400
9446
6121
6253
6122
9401
9402
6122
9401
9447
6124
6256
6125
9402
9403
6125
9402
9448
6127
6259
6128
9403
9404
6128
9403
9449
6130
6262
6131
9404
9405
6131
9404
9450
6133
6265
6134
9405
9406
6134
9405
9451
6136
6268
6137
9406
9407
6137
9406
9452
6139
6271
6140
9407
9408
6140
9407
9453
6142
6274
6143
9408
9409
6143
9408
9454
6145
6277
6146
9409
9410
6146
9409
9455
6148
6280
6149
9410
9411
6149
9410
9456
6151
6283
6152
9411
9412
6152
9411
9457
6154
6286
6155
9412
9413
6155
9412
9458
6157
6289
6158
9413
9414
6158
9413
9459
6160
6292
6161
9414
9415
6161
9414
9460
6163
6295
6164
9415
9416
6164
9415
9461
6166
6298
6167
9416
9417
6167
9416
9462
6169
6301
6170
9417
9418
6170
9417
9463
6172
6304
6173
9418
9419
6173
9418
9464
6175
6307
6176
9419
9420
6176
9419
9465
6178
6310
6179
9420
9421
6179
9420
9466
6181
6313
6182
9421
9422
6182
9421
9467
6183
6316
9422
9468
6186
9423
9424
6186
9423
9469
6188
6320
6189
9424
9425
6189
9424
9470
6191
6323
6192
9425
9426
6192
9425
9471
6194
6326
6195
9426
9427
6195
9426
9472
6197
6329
6198
9427
9428
6198
9427
9473
6200
6332
6201
9428
9429
6201
9428
9474
6203
6335
6204
9429
9430
6204
9429
9475
6206
6338
6207
9430
9431
6207
9430
9476
6209
6341
6210
9431
9432
6210
9431
9477
6212
6344
6213
9432
9433
6213
9432
9478
6215
6347
6216
9433
9434
6216
9433
9479
6218
6350
6219
9434
9435
6219
9434
9480
6221
6353
6222
9435
9436
6222
9435
9481
6224
6356
6225
9436
9437
6225
9436
9482
6227
6359
6228
9437
9438
6228
9437
9483
6230
6362
6231
9438
9439
6231
9438
9484
6233
6365
6234
9439
9440
6234
9439
9485
6236
6368
6237
9440
9441
6237
9440
9486
6239
6371
6240
9441
9442
6240
9441
9487
6242
6374
6243
9442
9443
6243
9442
9488
6245
6377
6246
9443
9444
6246
9443
9489
6248
6380
6249
9444
9445
6249
9444
9490
6251
6383
6252
9445
9446
6252
9445
9491
6254
6386
6255
9446
9447
6255
9446
9492
6257
6389
6258
9447
9448
6258
9447
9493
6260
6392
6261
9448
9449
6261
9448
9494
6263
6395
6264
9449
9450
6264
9449
9495
6266
6398
6267
9450
9451
6267
9450
9496
6269
6401
6270
9451
9452
6270
9451
9497
6272
6404
6273
9452
9453
6273
9452
9498
6275
6407
6276
9453
9454
6276
9453
9499
6278
6410
6279
9454
9455
6279
9454
9500
6281
6413
6282
9455
9456
6282
9455
9501
6284
6416
6285
9456
9457
6285
9456
9502
6287
6419
6288
9457
9458
6288
9457
9503
6290
6422
6291
9458
9459
6291
9458
9504
6293
6425
6294
9459
9460
6294
9459
9505
6296
6428
6297
9460
9461
6297
9460
9506
6299
6431
6300
9461
9462
6300
9461
9507
6302
6434
6303
9462
9463
6303
9462
9508
6305
6437
6306
9463
9464
6306
9463
9509
6308
6440
6309
9464
9465
6309
9464
9510
6311
6443
6312
9465
9466
6312
9465
9511
6314
6446
6315
9466
9467
6315
9466
9512
6317
6449
6318
9467
9468
6318
9467
9513
6319
6452
9468
9514
6322
9469
9470
6322
9469
9515
6324
6459
6325
9470
9471
6325
9470
9516
6327
6462
6328
9471
9472
6328
9471
9517
6330
6465
6331
9472
9473
6331
9472
9518
6333
6468
6334
9473
9474
6334
9473
9519
6336
6471
6337
9474
9475
6337
9474
9520
6339
6474
6340
9475
9476
6340
9475
9521
6342
6477
6343
9476
9477
6343
9476
9522
6345
6480
6346
9477
9478
6346
9477
9523
6348
6483
6349
9478
9479
6349
9478
9524
6351
6486
6352
9479
9480
6352
9479
9525
6354
6489
6355
9480
9481
6355
9480
9526
6357
6492
6358
9481
9482
6358
9481
9527
6360
6495
6361
9482
9483
6361
9482
9528
6363
6498
6364
9483
9484
6364
9483
9529
6366
6501
6367
9484
9485
6367
9484
9530
6369
6504
6370
9485
9486
6370
9485
9531
6372
6507
6373
9486
9487
6373
9486
9532
6375
6510
6376
9487
9488
6376
9487
9533
6378
6513
6379
9488
9489
6379
9488
9534
6381
6516
6382
9489
9490
6382
9489
9535
6384
6519
6385
9490
9491
6385
9490
9536
6387
6522
6388
9491
9492
6388
9491
9537
6390
6525
6391
9492
9493
6391
9492
9538
6393
6528
6394
9493
9494
6394
9493
9539
6396
6531
6397
9494
9495
6397
9494
9540
6399
6534
6400
9495
9496
6400
9495
9541
6402
6537
6403
9496
9497
6403
9496
9542
6405
6540
6406
9497
9498
6406
9497
9543
6408
6543
6409
9498
9499
6409
9498
9544
6411
6546
6412
9499
9500
6412
9499
9545
6414
6549
6415
9500
9501
6415
9500
9546
6417
6552
6418
9501
9502
6418
9501
9547
6420
6555
6421
9502
9503
6421
9502
9548
6423
6558
6424
9503
9504
6424
9503
9549
6426
6561
6427
9504
9505
6427
9504
9550
6429
6564
6430
9505
9506
6430
9505
9551
6432
6567
6433
9506
9507
6433
9506
9552
6435
6570
6436
9507
9508
6436
9507
9553
6438
6573
6439
9508
9509
6439
9508
9554
6441
6576
6442
9509
9510
6442
9509
9555
6444
6579
6445
9510
9511
6445
9510
9556
6447
6582
6448
9511
9512
6448
9511
9557
6450
6585
6451
9512
9513
6451
9512
9558
6453
6588
6454
9513
9514
6454
9513
9559
6455
6591
9514
9560
6458
9515
6458
9561
6460
6595
6461
9515
9516
6461
9515
9562
6463
6598
6464
9516
9517
6464
9516
9563
6466
6601
6467
9517
9518
6467
9517
9564
6469
6604
6470
9518
9519
6470
9518
9565
6472
6607
6473
9519
9520
6473
9519
9566
6475
6610
6476
9520
9521
6476
9520
9567
6478
6613
6479
9521
9522
6479
9521
9568
6481
6616
6482
9522
9523
6482
9522
9569
6484
6619
6485
9523
9524
6485
9523
9570
6487
6622
6488
9524
9525
6488
9524
9571
6490
6625
6491
9525
9526
6491
9525
9572
6493
6628
6494
9526
9527
6494
9526
9573
6496
6631
6497
9527
9528
6497
9527
9574
6499
6634
6500
9528
9529
6500
9528
9575
6502
6637
6503
9529
9530
6503
9529
9576
6505
6640
6506
9530
9531
6506
9530
9577
6508
6643
6509
9531
9532
6509
9531
9578
6511
6646
6512
9532
9533
6512
9532
9579
6514
6649
6515
9533
9534
6515
9533
9580
6517
6652
6518
9534
9535
6518
9534
9581
6520
6655
6521
9535
9536
6521
9535
9582
6523
6658
6524
9536
9537
6524
9536
9583
6526
6661
6527
9537
9538
6527
9537
9584
6529
6664
6530
9538
9539
6530
9538
9585
6532
6667
6533
9539
9540
6533
9539
9586
6535
6670
6536
9540
9541
6536
9540
9587
6538
6673
6539
9541
9542
6539
9541
9588
6541
6676
6542
9542
9543
6542
9542
9589
6544
6679
6545
9543
9544
6545
9543
9590
6547
6682
6548
9544
9545
6548
9544
9591
6550
6685
6551
9545
9546
6551
9545
9592
6553
6688
6554
9546
9547
6554
9546
9593
6556
6691
6557
9547
9548
6557
9547
9594
6559
6694
6560
9548
9549
6560
9548
9595
6562
6697
6563
9549
9550
6563
9549
9596
6565
6700
6566
9550
9551
6566
9550
9597
6568
6703
6569
9551
9552
6569
9551
9598
6571
6706
6572
9552
9553
6572
9552
9599
6574
6709
6575
9553
9554
6575
9553
9600
6577
6712
6578
9554
9555
6578
9554
9601
6580
6715
6581
9555
9556
6581
9555
9602
6583
6718
6584
9556
9557
6584
9556
9603
6586
6721
6587
9557
9558
6587
9557
9604
6589
6724
6590
9558
9559
6590
9558
9605
6592
6727
6593
9559
9560
6593
9559
9606
6594
6730
9560
9607
6597
9561
9562
6597
9561
9608
6599
6734
6600
9562
9563
6600
9562
9609
6602
6737
6603
9563
9564
6603
9563
9610
6605
6740
6606
9564
9565
6606
9564
9611
6608
6743
6609
9565
9566
6609
9565
9612
6611
6746
6612
9566
9567
6612
9566
9613
6614
6749
6615
9567
9568
6615
9567
9614
6617
6752
6618
9568
9569
6618
9568
9615
6620
6755
6621
9569
9570
6621
9569
9616
6623
6758
6624
9570
9571
6624
9570
9617
6626
6761
6627
9571
9572
6627
9571
9618
6629
6764
6630
9572
9573
6630
9572
9619
6632
6767
6633
9573
9574
6633
9573
9620
6635
6770
6636
9574
9575
6636
9574
9621
6638
6773
6639
9575
9576
6639
9575
9622
6641
6776
6642
9576
9577
6642
9576
9623
6644
6779
6645
9577
9578
6645
9577
9624
6647
6782
6648
9578
9579
6648
9578
9625
6650
6785
6651
9579
9580
6651
9579
9626
6653
6788
6654
9580
9581
6654
9580
9627
6656
6791
6657
9581
9582
6657
9581
9628
6659
6794
6660
9582
9583
6660
9582
9629
6662
6797
6663
9583
9584
6663
9583
9630
6665
6800
6666
9584
9585
6666
9584
9631
6668
6803
6669
9585
9586
6669
9585
9632
6671
6806
6672
9586
9587
6672
9586
9633
6674
6809
6675
9587
9588
6675
9587
9634
6677
6812
6678
9588
9589
6678
9588
9635
6680
6815
6681
9589
9590
6681
9589
9636
6683
6818
6684
9590
9591
6684
9590
9637
6686
6821
6687
9591
9592
6687
9591
9638
6689
6824
6690
9592
9593
6690
9592
9639
6692
6827
6693
9593
9594
6693
9593
9640
6695
6830
6696
9594
9595
6696
9594
9641
6698
6833
6699
9595
9596
6699
9595
9642
6701
6836
6702
9596
9597
6702
9596
9643
6704
6839
6705
9597
9598
6705
9597
9644
6707
6842
6708
9598
9599
6708
9598
9645
6710
6845
6711
9599
9600
6711
9599
9646
6713
6848
6714
9600
9601
6714
9600
9647
6716
6851
6717
9601
9602
6717
9601
9648
6719
6854
6720
9602
9603
6720
9602
9649
6722
6857
6723
9603
9604
6723
9603
9650
6725
6860
6726
9604
9605
6726
9604
9651
6728
6863
6729
9605
9606
6729
9605
9652
6731
6866
6732
9606
9607
6732
9606
9653
6733
6869
9607
9654
6736
9608
9609
6736
9608
9655
6738
6873
6739
9609
9610
6739
9609
9656
6741
6876
6742
9610
9611
6742
9610
9657
6744
6879
6745
9611
9612
6745
9611
9658
6747
6882
6748
9612
9613
6748
9612
9659
6750
6885
6751
9613
9614
6751
9613
9660
6753
6888
6754
9614
9615
6754
9614
9661
6756
6891
6757
9615
9616
6757
9615
9662
6759
6894
6760
9616
9617
6760
9616
9663
6762
6897
6763
9617
9618
6763
9617
9664
6765
6900
6766
9618
9619
6766
9618
9665
6768
6903
6769
9619
9620
6769
9619
9666
6771
6906
6772
9620
9621
6772
9620
9667
6774
6909
6775
9621
9622
6775
9621
9668
6777
6912
6778
9622
9623
6778
9622
9669
6780
6915
6781
9623
9624
6781
9623
9670
6783
6918
6784
9624
9625
6784
9624
9671
6786
6921
6787
9625
9626
6787
9625
9672
6789
6924
6790
9626
9627
6790
9626
9673
6792
6927
6793
9627
9628
6793
9627
9674
6795
6930
6796
9628
9629
6796
9628
9675
6798
6933
6799
9629
9630
6799
9629
9676
6801
6936
6802
9630
9631
6802
9630
9677
6804
6939
6805
9631
9632
6805
9631
9678
6807
6942
6808
9632
9633
6808
9632
9679
6810
6945
6811
9633
9634
6811
9633
9680
6813
6948
6814
9634
9635
6814
9634
9681
6816
6951
6817
9635
9636
6817
9635
9682
6819
6954
6820
9636
9637
6820
9636
9683
6822
6957
6823
9637
9638
6823
9637
9684
6825
6960
6826
9638
9639
6826
9638
9685
6828
6963
6829
9639
9640
6829
9639
9686
6831
6966
6832
9640
9641
6832
9640
9687
6834
6969
6835
9641
9642
6835
9641
9688
6837
6972
6838
9642
9643
6838
9642
9689
6840
6975
6841
9643
9644
6841
9643
9690
6843
6978
6844
9644
9645
6844
9644
9691
6846
6981
6847
9645
9646
6847
9645
9692
6849
6984
6850
9646
9647
6850
9646
9693
6852
6987
6853
9647
9648
6853
9647
9694
6855
6990
6856
9648
9649
6856
9648
9695
6858
6993
6859
9649
9650
6859
9649
9696
6861
6996
6862
9650
9651
6862
9650
9697
6864
6999
6865
9651
9652
6865
9651
9698
6867
7002
6868
9652
9653
6868
9652
9699
6870
7005
6871
9653
9654
6871
9653
9700
6872
7008
9654
9701
6875
9655
9656
6875
9655
9702
6877
7012
6878
9656
9657
6878
9656
9703
6880
7015
6881
9657
9658
6881
9657
9704
6883
7018
6884
9658
9659
6884
9658
9705
6886
7021
6887
9659
9660
6887
9659
9706
6889
7024
6890
9660
9661
6890
9660
9707
6892
7027
6893
9661
9662
6893
9661
9708
6895
7030
6896
9662
9663
6896
9662
9709
6898
7033
6899
9663
9664
6899
9663
9710
6901
7036
6902
9664
9665
6902
9664
9711
6904
7039
6905
9665
9666
6905
9665
9712
6907
7042
6908
9666
9667
6908
9666
9713
6910
7045
6911
9667
9668
6911
9667
9714
6913
7048
6914
9668
9669
6914
9668
9715
6916
7051
6917
9669
9670
6917
9669
9716
6919
7054
6920
9670
9671
6920
9670
9717
6922
7057
6923
9671
9672
6923
9671
9718
6925
7060
6926
9672
9673
6926
9672
9719
6928
7063
6929
9673
9674
6929
9673
9720
6931
7066
6932
9674
9675
6932
9674
9721
6934
7069
6935
9675
9676
6935
9675
9722
6937
7072
6938
9676
9677
6938
9676
9723
6940
7075
6941
9677
9678
6941
9677
9724
6943
7078
6944
9678
9679
6944
9678
9725
6946
7081
6947
9679
9680
6947
9679
9726
6949
7084
6950
9680
9681
6950
9680
9727
6952
7087
6953
9681
9682
6953
9681
9728
6955
7090
6956
9682
9683
6956
9682
9729
6958
7093
6959
9683
9684
6959
9683
9730
6961
7096
6962
9684
9685
6962
9684
9731
6964
7099
6965
9685
9686
6965
9685
9732
6967
7102
6968
9686
9687
6968
9686
9733
6970
7105
6971
9687
9688
6971
9687
9734
6973
7108
6974
9688
9689
6974
9688
9735
6976
7111
6977
9689
9690
6977
9689
9736
6979
7114
6980
9690
9691
6980
9690
9737
6982
7117
6983
9691
9692
6983
9691
9738
6985
7120
6986
9692
9693
6986
9692
9739
6988
7123
6989
9693
9694
6989
9693
9740
6991
7126
6992
9694
9695
6992
9694
9741
6994
7129
6995
9695
9696
6995
9695
9742
6997
7132
6998
9696
9697
6998
9696
9743
7000
7135
7001
9697
9698
7001
9697
9744
7003
7138
7004
9698
9699
7004
9698
9745
7006
7141
7007
9699
9700
7007
9699
9746
7009
7144
7010
9700
9701
7010
9700
9747
7011
7147
9701
9748
7014
9702
9703
7014
9702
9749
7016
7152
7017
9703
9704
7017
9703
9750
7019
7155
7020
9704
9705
7020
9704
9751
7022
7158
7023
9705
9706
7023
9705
9752
7025
7161
7026
9706
9707
7026
9706
9753
7028
7164
7029
9707
9708
7029
9707
9754
7031
7167
7032
9708
9709
7032
9708
9755
7034
7170
7035
9709
9710
7035
9709
9756
7037
7173
7038
9710
9711
7038
9710
9757
7040
7176
7041
9711
9712
7041
9711
9758
7043
7179
7044
9712
9713
7044
9712
9759
7046
7182
7047
9713
9714
7047
9713
9760
7049
7185
7050
9714
9715
7050
9714
9761
7052
7188
7053
9715
9716
7053
9715
9762
7055
7191
7056
9716
9717
7056
9716
9763
7058
7194
7059
9717
9718
7059
9717
9764
7061
7197
7062
9718
9719
7062
9718
9765
7064
7200
7065
9719
9720
7065
9719
9766
7067
7203
7068
9720
9721
7068
9720
9767
7070
7206
7071
9721
9722
7071
9721
9768
7073
7209
7074
9722
9723
7074
9722
9769
7076
7212
7077
9723
9724
7077
9723
9770
7079
7215
7080
9724
9725
7080
9724
9771
7082
7218
7083
9725
9726
7083
9725
9772
7085
7221
7086
9726
9727
7086
9726
9773
7088
7224
7089
9727
9728
7089
9727
9774
7091
7227
7092
9728
9729
7092
9728
9775
7094
7230
7095
9729
9730
7095
9729
9776
7097
7233
7098
9730
9731
7098
9730
9777
7100
7236
7101
9731
9732
7101
9731
9778
7103
7239
7104
9732
9733
7104
9732
9779
7106
7242
7107
9733
9734
7107
9733
9780
7109
7245
7110
9734
9735
7110
9734
9781
7112
7248
7113
9735
9736
7113
9735
9782
7115
7251
7116
9736
9737
7116
9736
9783
7118
7254
7119
9737
9738
7119
9737
9784
7121
7257
7122
9738
9739
7122
9738
9785
7124
7260
7125
9739
9740
7125
9739
9786
7127
7263
7128
9740
9741
7128
9740
9787
7130
7266
7131
9741
9742
7131
9741
9788
7133
7269
7134
9742
9743
7134
9742
9789
7136
7272
7137
9743
9744
7137
9743
9790
7139
7275
7140
9744
9745
7140
9744
9791
7142
7278
7143
9745
9746
7143
9745
9792
7145
7281
7146
9746
9747
7146
9746
9793
7148
7284
7149
9747
9748
7149
9747
9794
7150
7287
9748
9795
7153
7291
7154
9749
9750
7154
9749
9796
7156
7293
7157
9750
9751
7157
9750
9797
7159
7296
7160
9751
9752
7160
9751
9798
7162
7299
7163
9752
9753
7163
9752
9799
7165
7302
7166
9753
9754
7166
9753
9800
7168
7305
7169
9754
9755
7169
9754
9801
7171
7308
7172
9755
9756
7172
9755
9802
7174
7311
7175
9756
9757
7175
9756
9803
7177
7314
7178
9757
9758
7178
9757
9804
7180
7317
7181
9758
9759
7181
9758
9805
7183
7320
7184
9759
9760
7184
9759
9806
7186
7323
7187
9760
9761
7187
9760
9807
7189
7326
7190
9761
9762
7190
9761
9808
7192
7329
7193
9762
9763
7193
9762
9809
7195
7332
7196
9763
9764
7196
9763
9810
7198
7335
7199
9764
9765
7199
9764
9811
7201
7338
7202
9765
9766
7202
9765
9812
7204
7341
7205
9766
9767
7205
9766
9813
7207
7344
7208
9767
9768
7208
9767
9814
7210
7347
7211
9768
9769
7211
9768
9815
7213
7350
7214
9769
9770
7214
9769
9816
7216
7353
7217
9770
9771
7217
9770
9817
7219
7356
7220
9771
9772
7220
9771
9818
7222
7359
7223
9772
9773
7223
9772
9819
7225
7362
7226
9773
9774
7226
9773
9820
7228
7365
7229
9774
9775
7229
9774
9821
7231
7368
7232
9775
9776
7232
9775
9822
7234
7371
7235
9776
9777
7235
9776
9823
7237
7374
7238
9777
9778
7238
9777
9824
7240
7377
7241
9778
9779
7241
9778
9825
7243
7380
7244
9779
9780
7244
9779
9826
7246
7383
7247
9780
9781
7247
9780
9827
7249
7386
7250
9781
9782
7250
9781
9828
7252
7389
7253
9782
9783
7253
9782
9829
7255
7392
7256
9783
9784
7256
9783
9830
7258
7395
7259
9784
9785
7259
9784
9831
7261
7398
7262
9785
9786
7262
9785
9832
7264
7401
7265
9786
9787
7265
9786
9833
7267
7404
7268
9787
9788
7268
9787
9834
7270
7407
7271
9788
9789
7271
9788
9835
7273
7410
7274
9789
9790
7274
9789
9836
7276
7413
7277
9790
9791
7277
9790
9837
7279
7416
7280
9791
9792
7280
9791
9838
7282
7419
7283
9792
9793
7283
9792
9839
7285
7422
7286
9793
9794
7286
9793
9840
7288
7425
7289
9794
9795
7289
9794
9841
7290
7428
9795
9842
7292
9796
7294
7432
7295
9796
9797
7295
9796
9843
7297
7434
7298
9797
9798
7298
9797
9844
7300
7437
7301
9798
9799
7301
9798
9845
7303
7440
7304
9799
9800
7304
9799
9846
7306
7443
7307
9800
9801
7307
9800
9847
7309
7446
7310
9801
9802
7310
9801
9848
7312
7449
7313
9802
9803
7313
9802
9849
7315
7452
7316
9803
9804
7316
9803
9850
7318
7455
7319
9804
9805
7319
9804
9851
7321
7458
7322
9805
9806
7322
9805
9852
7324
7461
7325
9806
9807
7325
9806
9853
7327
7464
7328
9807
9808
7328
9807
9854
7330
7467
7331
9808
9809
7331
9808
9855
7333
7470
7334
9809
9810
7334
9809
9856
7336
7473
7337
9810
9811
7337
9810
9857
7339
7476
7340
9811
9812
7340
9811
9858
7342
7479
7343
9812
9813
7343
9812
9859
7345
7482
7346
9813
9814
7346
9813
9860
7348
7485
7349
9814
9815
7349
9814
9861
7351
7488
7352
9815
9816
7352
9815
9862
7354
7491
7355
9816
9817
7355
9816
9863
7357
7494
7358
9817
9818
7358
9817
9864
7360
7497
7361
9818
9819
7361
9818
9865
7363
7500
7364
9819
9820
7364
9819
9866
7366
7503
7367
9820
9821
7367
9820
9867
7369
7506
7370
9821
9822
7370
9821
9868
7372
7509
7373
9822
9823
7373
9822
9869
7375
7512
7376
9823
9824
7376
9823
9870
7378
7515
7379
9824
9825
7379
9824
9871
7381
7518
7382
9825
9826
7382
9825
9872
7384
7521
7385
9826
9827
7385
9826
9873
7387
7524
7388
9827
9828
7388
9827
9874
7390
7527
7391
9828
9829
7391
9828
9875
7393
7530
7394
9829
9830
7394
9829
9876
7396
7533
7397
9830
9831
7397
9830
9877
7399
7536
7400
9831
9832
7400
9831
9878
7402
7539
7403
9832
9833
7403
9832
9879
7405
7542
7406
9833
9834
7406
9833
9880
7408
7545
7409
9834
9835
7409
9834
9881
7411
7548
7412
9835
9836
7412
9835
9882
7414
7551
7415
9836
9837
7415
9836
9883
7417
7554
7418
9837
9838
7418
9837
9884
7420
7557
7421
9838
9839
7421
9838
9885
7423
7560
7424
9839
9840
7424
9839
9886
7426
7563
7427
9840
9841
7427
9840
9887
7429
7566
7430
9841
9842
7430
9841
9888
7431
7569
9842
9889
7433
9843
7435
7573
7436
9843
9844
7436
9843
9890
7438
7575
7439
9844
9845
7439
9844
9891
7441
7578
7442
9845
9846
7442
9845
9892
7444
7581
7445
9846
9847
7445
9846
9893
7447
7584
7448
9847
9848
7448
9847
9894
7450
7587
7451
9848
9849
7451
9848
9895
7453
7590
7454
9849
9850
7454
9849
9896
7456
7593
7457
9850
9851
7457
9850
9897
7459
7596
7460
9851
9852
7460
9851
9898
7462
7599
7463
9852
9853
7463
9852
9899
7465
7602
7466
9853
9854
7466
9853
9900
7468
7605
7469
9854
9855
7469
9854
9901
7471
7608
7472
9855
9856
7472
9855
9902
7474
7611
7475
9856
9857
7475
9856
9903
7477
7614
7478
9857
9858
7478
9857
9904
7480
7617
7481
9858
9859
7481
9858
9905
7483
7620
7484
9859
9860
7484
9859
9906
7486
7623
7487
9860
9861
7487
9860
9907
7489
7626
7490
9861
9862
7490
9861
9908
7492
7629
7493
9862
9863
7493
9862
9909
7495
7632
7496
9863
9864
7496
9863
9910
7498
7635
7499
9864
9865
7499
9864
9911
7501
7638
7502
9865
9866
7502
9865
9912
7504
7641
7505
9866
9867
7505
9866
9913
7507
7644
7508
9867
9868
7508
9867
9914
7510
7647
7511
9868
9869
7511
9868
9915
7513
7650
7514
9869
9870
7514
9869
9916
7516
7653
7517
9870
9871
7517
9870
9917
7519
7656
7520
9871
9872
7520
9871
9918
7522
7659
7523
9872
9873
7523
9872
9919
7525
7662
7526
9873
9874
7526
9873
9920
7528
7665
7529
9874
9875
7529
9874
9921
7531
7668
7532
9875
9876
7532
9875
9922
7534
7671
7535
9876
9877
7535
9876
9923
7537
7674
7538
9877
9878
7538
9877
9924
7540
7677
7541
9878
9879
7541
9878
9925
7543
7680
7544
9879
9880
7544
9879
9926
7546
7683
7547
9880
9881
7547
9880
9927
7549
7686
7550
9881
9882
7550
9881
9928
7552
7689
7553
9882
9883
7553
9882
9929
7555
7692
7556
9883
9884
7556
9883
9930
7558
7695
7559
9884
9885
7559
9884
9931
7561
7698
7562
9885
9886
7562
9885
9932
7564
7701
7565
9886
9887
7565
9886
9933
7567
7704
7568
9887
9888
7568
9887
9934
7570
7707
7571
9888
9889
7571
9888
9935
7572
7710
9889
9936
7574
9890
7576
7716
7577
9890
9891
7577
9890
9937
7579
7718
7580
9891
9892
7580
9891
9938
7582
7721
7583
9892
9893
7583
9892
9939
7585
7724
7586
9893
9894
7586
9893
9940
7588
7727
7589
9894
9895
7589
9894
9941
7591
7730
7592
9895
9896
7592
9895
9942
7594
7733
7595
9896
9897
7595
9896
9943
7597
7736
7598
9897
9898
7598
9897
9944
7600
7739
7601
9898
9899
7601
9898
9945
7603
7742
7604
9899
9900
7604
9899
9946
7606
7745
7607
9900
9901
7607
9900
9947
7609
7748
7610
9901
9902
7610
9901
9948
7612
7751
7613
9902
9903
7613
9902
9949
7615
7754
7616
9903
9904
7616
9903
9950
7618
7757
7619
9904
9905
7619
9904
9951
7621
7760
7622
9905
9906
7622
9905
9952
7624
7763
7625
9906
9907
7625
9906
9953
7627
7766
7628
9907
9908
7628
9907
9954
7630
7769
7631
9908
9909
7631
9908
9955
7633
7772
7634
9909
9910
7634
9909
9956
7636
7775
7637
9910
9911
7637
9910
9957
7639
7778
7640
9911
9912
7640
9911
9958
7642
7781
7643
9912
9913
7643
9912
9959
7645
7784
7646
9913
9914
7646
9913
9960
7648
7787
7649
9914
9915
7649
9914
9961
7651
7790
7652
9915
9916
7652
9915
9962
7654
7793
7655
9916
9917
7655
9916
9963
7657
7796
7658
9917
9918
7658
9917
9964
7660
7799
7661
9918
9919
7661
9918
9965
7663
7802
7664
9919
9920
7664
9919
9966
7666
7805
7667
9920
9921
7667
9920
9967
7669
7808
7670
9921
9922
7670
9921
9968
7672
7811
7673
9922
9923
7673
9922
9969
7675
7814
7676
9923
9924
7676
9923
9970
7678
7817
7679
9924
9925
7679
9924
9971
7681
7820
7682
9925
9926
7682
9925
9972
7684
7823
7685
9926
9927
7685
9926
9973
7687
7826
7688
9927
9928
7688
9927
9974
7690
7829
7691
9928
9929
7691
9928
9975
7693
7832
7694
9929
9930
7694
9929
9976
7696
7835
7697
9930
9931
7697
9930
9977
7699
7838
7700
9931
9932
7700
9931
9978
7702
7841
7703
9932
9933
7703
9932
9979
7705
7844
7706
9933
9934
7706
9933
9980
7708
7847
7709
9934
9935
7709
9934
9981
7711
7850
7712
9935
9936
7712
9935
9982
7714
7853
7715
9936
7715
9936
9983
7856
7717
9937
7719
7859
7720
9937
9938
7720
9937
9984
7722
7861
7723
9938
9939
7723
9938
9985
7725
7864
7726
9939
9940
7726
9939
9986
7728
7867
7729
9940
9941
7729
9940
9987
7731
7870
7732
9941
9942
7732
9941
9988
7734
7873
7735
9942
9943
7735
9942
9989
7737
7876
7738
9943
9944
7738
9943
9990
7740
7879
7741
9944
9945
7741
9944
9991
7743
7882
7744
9945
9946
7744
9945
9992
7746
7885
7747
9946
9947
7747
9946
9993
7749
7888
7750
9947
9948
7750
9947
9994
7752
7891
7753
9948
9949
7753
9948
9995
7755
7894
7756
9949
9950
7756
9949
9996
7758
7897
7759
9950
9951
7759
9950
9997
7761
7900
7762
9951
9952
7762
9951
9998
7764
7903
7765
9952
9953
7765
9952
9999
7767
7906
7768
9953
9954
7768
9953
10000
7770
7909
7771
9954
9955
7771
9954
10001
7773
7912
7774
9955
9956
7774
9955
10002
7776
7915
7777
9956
9957
7777
9956
10003
7779
7918
7780
9957
9958
7780
9957
10004
7782
7921
7783
9958
9959
7783
9958
10005
7785
7924
7786
9959
9960
7786
9959
10006
7788
7927
7789
9960
9961
7789
9960
10007
7791
7930
7792
9961
9962
7792
9961
10008
7794
7933
7795
9962
9963
7795
9962
10009
7797
7936
7798
9963
9964
7798
9963
10010
7800
7939
7801
9964
9965
7801
9964
10011
7803
7942
7804
9965
9966
7804
9965
10012
7806
7945
7807
9966
9967
7807
9966
10013
7809
7948
7810
9967
9968
7810
9967
10014
7812
7951
7813
9968
9969
7813
9968
10015
7815
7954
7816
9969
9970
7816
9969
10016
7818
7957
7819
9970
9971
7819
9970
10017
7821
7960
7822
9971
9972
7822
9971
10018
7824
7963
7825
9972
9973
7825
9972
10019
7827
7966
7828
9973
9974
7828
9973
10020
7830
7969
7831
9974
9975
7831
9974
10021
7833
7972
7834
9975
9976
7834
9975
10022
7836
7975
7837
9976
9977
7837
9976
10023
7839
7978
7840
9977
9978
7840
9977
10024
7842
7981
7843
9978
9979
7843
9978
10025
7845
7984
7846
9979
9980
7846
9979
10026
7848
7987
7849
9980
9981
7849
9980
10027
7851
7990
7852
9981
9982
7852
9981
10028
7854
7993
7855
9982
9983
7855
9982
10029
7857
7996
7858
9983
7858
9983
10030
7999
7860
9984
7862
8122
7863
9984
9985
7863
9984
10032
7865
8125
7866
9985
9986
7866
9985
10033
7868
8128
7869
9986
9987
7869
9986
10034
7871
8131
7872
9987
9988
7872
9987
10035
7874
8134
7875
9988
9989
7875
9988
10036
7877
8137
7878
9989
9990
7878
9989
10037
7880
8140
7881
9990
9991
7881
9990
10038
7883
8143
7884
9991
9992
7884
9991
10039
7886
8146
7887
9992
9993
7887
9992
10040
7889
8149
7890
9993
9994
7890
9993
10041
7892
8152
7893
9994
9995
7893
9994
10042
7895
8155
7896
9995
9996
7896
9995
10043
7898
8158
7899
9996
9997
7899
9996
10044
7901
8161
7902
9997
9998
7902
9997
10045
7904
8164
7905
9998
9999
7905
9998
10046
7907
8167
7908
9999
10000
7908
9999
10047
7910
8170
7911
10000
10001
7911
10000
10048
7913
8173
7914
10001
10002
7914
10001
10049
7916
8176
7917
10002
10003
7917
10002
10050
7919
8179
7920
10003
10004
7920
10003
10051
7922
8182
7923
10004
10005
7923
10004
10052
7925
8185
7926
10005
10006
7926
10005
10053
7928
8188
7929
10006
10007
7929
10006
10054
7931
8191
7932
10007
10008
7932
10007
10055
7934
8194
7935
10008
10009
7935
10008
10056
7937
8197
7938
10009
10010
7938
10009
10057
7940
8200
7941
10010
10011
7941
10010
10058
7943
8203
7944
10011
10012
7944
10011
10059
7946
8206
7947
10012
10013
7947
10012
10060
7949
8209
7950
10013
10014
7950
10013
10061
7952
8212
7953
10014
10015
7953
10014
10062
7955
8215
7956
10015
10016
7956
10015
10063
7958
8218
7959
10016
10017
7959
10016
10064
7961
8221
7962
10017
10018
7962
10017
10065
7964
8224
7965
10018
10019
7965
10018
10066
7967
8227
7968
10019
10020
7968
10019
10067
7970
8230
7971
10020
10021
7971
10020
10068
7973
8233
7974
10021
10022
7974
10021
10069
7976
8236
7977
10022
10023
7977
10022
10070
7979
8239
7980
10023
10024
7980
10023
10071
7982
8242
7983
10024
10025
7983
10024
10072
7985
8245
7986
10025
10026
7986
10025
10073
7988
8248
7989
10026
10027
7989
10026
10074
7991
8251
7992
10027
10028
7992
10027
10075
7994
8254
7995
10028
10029
7995
10028
10076
7997
8257
7998
10029
10030
7998
10029
10077
8000
8260
8001
10030
8001
10030
10078
8263
8004
8266
8267
8004
8266
8306
8006
8007
8267
8268
8007
8267
8307
8009
8010
8268
8269
8010
8268
8308
8012
8013
8269
8270
8013
8269
8309
8015
8016
8270
8271
8016
8270
8310
8018
8019
8271
8272
8019
8271
8311
8021
8022
8272
8273
8022
8272
8312
8024
8025
8273
8274
8025
8273
8313
8027
8028
8274
8275
8028
8274
8314
8030
8031
8275
8276
8031
8275
8315
8033
8034
8276
8277
8034
8276
8316
8036
8037
8277
8278
8037
8277
8317
8039
8040
8278
8279
8040
8278
8318
8042
8043
8279
8280
8043
8279
8319
8045
8046
8280
8281
8046
8280
8320
8048
8049
8281
8282
8049
8281
8321
8051
8052
8282
8283
8052
8282
8322
8054
8055
8283
8284
8055
8283
8323
8057
8058
8284
8285
8058
8284
8324
8060
8061
8285
8286
8061
8285
8325
8063
8064
8286
8287
8064
8286
8326
8066
8067
8287
8288
8067
8287
8327
8069
8070
8288
8289
8070
8288
8328
8072
8073
8289
8290
8073
8289
8329
8075
8076
8290
8291
8076
8290
8330
8078
8079
8291
8292
8079
8291
8331
8081
8082
8292
8293
8082
8292
8332
8084
8085
8293
8294
8085
8293
8333
8087
8088
8294
8295
8088
8294
8334
8090
8091
8295
8296
8091
8295
8335
8093
8094
8296
8297
8094
8296
8336
8096
8097
8297
8298
8097
8297
8337
8099
8100
8298
8299
8100
8298
8338
8102
8103
8299
8300
8103
8299
8339
8105
8106
8300
8301
8106
8300
8340
8108
8109
8301
8302
8109
8301
8341
8111
8112
8302
8303
8112
8302
8342
8114
8115
8303
8304
8115
8303
8343
8117
8118
8304
8305
8118
8304
8344
8120
8121
8305
8121
8305
8345
8124
10031
10032
8124
10031
8126
8127
10032
10033
8127
10032
8129
8130
10033
10034
8130
10033
8132
8133
10034
10035
8133
10034
8135
8136
10035
10036
8136
10035
8138
8139
10036
10037
8139
10036
8141
8142
10037
10038
8142
10037
8144
8145
10038
10039
8145
10038
8147
8148
10039
10040
8148
10039
8150
8151
10040
10041
8151
10040
8153
8154
10041
10042
8154
10041
8156
8157
10042
10043
8157
10042
8159
8160
10043
10044
8160
10043
8162
8163
10044
10045
8163
10044
8165
8166
10045
10046
8166
10045
8168
8169
10046
10047
8169
10046
8171
8172
10047
10048
8172
10047
8174
8175
10048
10049
8175
10048
8177
8178
10049
10050
8178
10049
8180
8181
10050
10051
8181
10050
8183
8184
10051
10052
8184
10051
8186
8187
10052
10053
8187
10052
8189
8190
10053
10054
8190
10053
8192
8193
10054
10055
8193
10054
8195
8196
10055
10056
8196
10055
8198
8199
10056
10057
8199
10056
8201
8202
10057
10058
8202
10057
8204
8205
10058
10059
8205
10058
8207
8208
10059
10060
8208
10059
8210
8211
10060
10061
8211
10060
8213
8214
10061
10062
8214
10061
8216
8217
10062
10063
8217
10062
8219
8220
10063
10064
8220
10063
8222
8223
10064
10065
8223
10064
8225
8226
10065
10066
8226
10065
8228
8229
10066
10067
8229
10066
8231
8232
10067
10068
8232
10067
8234
8235
10068
10069
8235
10068
8237
8238
10069
10070
8238
10069
8240
8241
10070
10071
8241
10070
8243
8244
10071
10072
8244
10071
8246
8247
10072
10073
8247
10072
8249
8250
10073
10074
8250
10073
8252
8253
10074
10075
8253
10074
8255
8256
10075
10076
8256
10075
8258
8259
10076
10077
8259
10076
8261
8262
10077
10078
8262
10077
8264
8265
10078
8265
10078
)


// ************************************************************************* //
